108644.245786	111639.975206	113000.232844	113050.123423	113266.996658	
84670.995031	95324.305885	96545.323555	99191.223825	100629.835022	
97296.247693	104097.825582	104215.344694	106117.826236	107221.465629	
104450.337486	105220.267334	113821.835545	114059.455544	118512.191723	
107995.435408	110545.861863	112232.872540	112649.123817	112899.611715	
104337.745143	105623.247203	106333.311873	110540.634327	111481.983253	
102610.487072	105838.967900	108554.092323	111375.517838	114233.438113	
97134.696184	100837.121950	103165.757683	106127.224651	106504.067838	
94582.586702	107878.047637	112071.671906	112767.427268	112894.731079	
99129.786752	99344.677927	99754.393492	100604.601326	101277.466330	
91603.704991	96675.979114	99238.997596	105651.293909	106946.921849	
101790.834661	102457.564783	102702.897211	104112.946484	104907.187519	
103305.159031	103834.876477	111100.084880	113385.845307	114793.164718	
101699.450353	107403.530434	107537.020781	108980.151674	109496.817160	
97654.817893	107410.907157	108218.684117	109612.803795	109819.827232	
100292.293581	101644.341825	102526.280193	107303.694303	107854.674388	
101503.353358	106382.950172	113538.991626	114230.753069	114775.500787	
98432.496169	101365.756473	107344.572641	107934.803370	110482.246656	
103822.897018	104928.385122	106959.452695	107231.901356	107621.564258	
99902.212403	105583.213943	107874.348130	109356.651852	109940.517594	
96877.746876	99102.620878	100793.634310	100834.413228	103694.567189	
101529.389797	105830.973438	106015.353932	106220.768784	108942.538319	
83327.477861	94561.611591	94987.776028	96255.008672	98064.106635	
92795.312332	94600.461470	95276.462619	105435.795090	105810.413082	
99872.089561	103070.917849	104595.187028	105945.526117	109024.920036	
99947.883563	107747.590888	109898.741515	110581.532937	111061.960075	
106084.829222	106487.570555	109275.426113	110601.828554	112587.663444	
106589.443594	107749.178958	107846.566574	108512.558402	109671.060875	
91932.979829	95949.102230	97552.775998	98619.639692	98956.525632	
76829.370109	99735.418970	102006.923346	103277.618947	105841.223177	
107003.817988	111716.795288	112114.704121	113026.566639	115167.021123	
110608.443019	111441.647843	113550.371798	113960.298943	115074.252118	
103775.584576	107462.762781	108235.185592	109751.241557	111230.439654	
103915.981133	105047.509264	109678.988395	116980.653510	117181.212010	
113512.993858	113877.195583	115029.429715	118286.877049	118948.100055	
115829.362235	117320.934297	118911.433186	122185.828221	122824.713370	
102605.082720	102877.655134	103737.484377	105216.198499	106688.685001	
99276.031059	100190.371780	101588.822996	104959.172887	106054.526760	
97505.145520	98682.208566	98853.858378	99939.263744	100510.667626	
95932.384048	101163.786102	102143.215504	104038.626333	104370.271780	
107142.508008	114676.092676	118175.786869	118829.454410	120625.265561	
97625.236991	102297.038670	104378.063767	104819.420018	105561.069872	
98599.210860	99620.449609	100931.705229	100946.323872	102114.629576	
103677.699570	103852.778143	104075.638008	104912.429041	105895.925996	
82470.833322	88452.870736	89282.424007	93508.830018	97090.116954	
118922.896089	119112.244306	119443.793874	120361.321907	121761.168095	
100243.434518	103360.362031	104243.795222	105418.877491	107389.371068	
108510.585772	109026.105486	109381.658679	110087.986530	114200.448662	
97515.951883	102086.951682	102287.112009	103016.940789	104045.803733	
100768.356425	101891.430688	104013.582318	104090.398597	107087.266431	
104752.059248	104882.104389	104967.818581	105348.388930	105908.153694	
97489.011789	102844.127212	104286.223482	104472.682217	104604.481968	
101105.742867	101109.894102	106262.254050	106899.515525	106987.482810	
102038.944148	104477.343147	107377.450640	107831.146538	108078.566251	
106141.923154	107356.277132	110568.897212	112313.184865	113318.081641	
110723.165538	110943.347338	112593.624683	113468.866005	114618.365080	
98965.996916	100191.934779	101108.006647	102895.561186	104207.942137	
99677.257218	102375.519099	103003.898760	103463.489921	105621.024646	
101959.670581	104662.386627	104936.122133	105156.726839	105838.793178	
110431.210093	115143.179142	116718.240779	117543.081858	117659.611160	
112164.460696	112183.905471	114284.608591	114786.395037	115936.438990	
104526.508350	106048.316369	107755.108119	108688.795776	110293.532220	
94445.921731	98099.319380	103755.889571	103834.505859	105242.412391	
98064.495483	99138.666417	102156.874612	102238.643294	102981.478920	
95580.526652	103754.002396	105177.003834	108848.837805	108870.465512	
104852.679652	105590.377675	105795.127081	107204.355488	109888.079975	
114754.333917	118048.657324	120302.264457	120520.292024	120827.228829	
95536.932318	96551.125082	103737.484377	106135.440939	106181.000085	
93470.979825	97450.290478	98412.303743	101085.595536	103039.727727	
94516.148940	97623.718182	99428.766717	100145.272140	100379.192871	
106957.574211	108524.877742	108625.533244	109650.441987	111474.049723	
103919.121655	110649.252638	112761.088489	114367.781209	115171.309863	
96652.030802	100508.862161	101650.908392	105305.186337	106911.157150	
101120.213764	101309.053917	101415.867347	101560.597479	101841.274594	
104060.701873	107496.585786	108772.002472	109502.451956	109688.947478	
98564.429946	101511.582988	106652.106185	106768.332502	107655.181234	
97823.684745	101621.083337	103299.395001	105749.925237	106536.036107	
109706.774181	110914.849641	111742.319751	113838.012527	119237.674077	
103160.808243	104778.303254	106637.977893	107893.162551	107945.100457	
96700.247238	103350.279665	107636.409214	108313.993759	108584.005392	
101215.081446	105222.547668	107371.930781	109380.893714	109532.487073	
93095.059798	95470.061989	96034.857728	97527.309527	99153.035681	
99381.210563	101475.321082	102636.543448	104774.811430	105539.713326	
95373.874566	100828.517410	103609.467004	105901.918497	107008.496891	
90085.695267	93948.654163	96941.315291	98033.589541	98303.643186	
111337.296607	111622.916976	116440.270342	116655.886024	117057.472499	
119865.030890	120341.220312	120350.035178	120444.985900	120612.982934	
96883.652414	99930.021330	100082.181976	100284.952726	100309.940380	
95063.179142	95884.647866	97437.097283	97661.653822	97806.943495	
104495.177938	105142.498698	107068.980712	109079.968231	109872.061815	
99191.223825	99885.005701	103940.974175	104751.700785	104771.329649	
96915.366302	105560.662929	110324.146487	112340.873577	112369.446800	
96299.643611	99343.547208	99766.162747	106174.335851	107629.007377	
99520.466005	99652.393225	101929.522306	102884.968471	102999.739723	
113314.209806	115188.520535	115516.511280	119071.942166	121199.375612	
97085.798632	99524.989398	99869.635147	101893.721396	102059.780440	
108285.362130	110364.802681	113456.194729	113608.877081	116741.056776	
95153.882280	96361.771095	102134.990611	102279.180700	102334.627769	
96370.778542	98048.441162	98272.758163	100175.996447	100369.823261	
105071.693724	105616.903480	108148.802895	114811.948116	115643.698881	
91284.390067	91830.149690	98619.095009	100511.687830	101213.009391	
98136.659913	98684.442607	102698.495275	103420.451978	113131.664761	
111275.919429	113647.672235	114785.176095	116445.348221	116674.518373	
98094.111528	103291.285689	103761.022358	109015.734189	110424.413881	
104837.487127	106265.355535	107768.134005	108251.284281	108537.091876	
100663.019603	102217.686013	103407.017059	106174.202636	107173.285741	
99396.710229	101754.274824	105980.438372	115411.536429	115734.382888	
95160.287972	100568.488228	103179.915914	103782.190959	103817.796287	
120170.837246	128674.975078	129399.494824	130570.599536	132595.036333	
100072.070398	104408.381827	105551.892982	106259.588140	107378.384765	
104147.712081	107459.707112	112477.996210	112850.202623	113166.145414	
96759.012879	109463.757380	109795.979552	110679.590128	111480.101181	
108185.928253	115421.042489	116840.481754	117699.727987	117748.525248	
109273.590492	109358.386205	112759.905928	114396.843179	114619.837236	
105256.653632	110939.897401	111714.667658	111923.477648	112051.893320	
108336.602757	110156.542992	111708.947122	112444.209193	112855.157907	
110955.708240	111095.407756	112312.771615	112421.250742	112945.962991	
94668.068509	102210.776899	106071.312584	107203.468385	107336.874902	
84230.781761	96234.480820	97420.489423	97568.946820	98494.417683	
99159.736964	101757.019591	102442.949145	102707.377917	105067.864285	
103094.804983	103409.624257	105211.976871	106100.570401	108243.908970	
97098.504980	97142.761956	97218.721324	99565.564307	99974.415557	
93640.434464	97531.407787	98468.768453	101006.259137	101412.625972	
99569.503013	107967.484293	110528.415572	111218.925973	111412.895675	
107483.059443	108236.156349	109980.193301	110303.587270	112548.143005	
86459.917436	89099.565831	99094.895491	100865.165174	101577.600800	
103023.514875	109221.287480	109623.268255	110815.445181	111523.457149	
105939.608070	111075.500586	115518.104746	115615.699771	116595.641266	
93582.439757	107650.505178	109643.919122	110207.071980	111171.385985	
100847.238150	102123.036850	104463.891415	105047.728764	105160.978058	
114026.019746	117668.803319	119977.052928	120457.887195	121275.029601	
107765.853797	111658.541548	111928.993531	112050.942270	112689.072786	
94582.346565	96646.319939	101004.951922	101886.063526	105059.183197	
92322.432493	97619.949704	100052.259158	100620.695193	104454.944179	
93113.440854	103014.682739	104803.538433	106551.973455	107231.861675	
105817.086037	107108.492733	108222.161453	108536.967230	109497.984668	
104542.667282	106026.543433	107654.053758	108229.384753	108619.933759	
95313.802579	99848.397266	104558.131081	104629.498397	104902.269450	
103791.084301	105272.488961	106574.146062	107251.803952	107344.884144	
96017.175421	99109.104949	99330.958193	101780.888360	101810.893666	
99902.212403	103141.223071	109420.247472	111029.094880	111348.322612	
98779.971310	101283.412557	101764.157289	101952.809169	102336.565616	
106087.445536	108380.420265	109855.508967	109949.244632	112024.386246	
99975.455643	105323.214839	106102.810725	106206.795617	108560.901393	
100969.094445	106352.414348	107342.687060	108287.017778	109703.660322	
97381.875503	106269.954292	107602.526100	107742.620212	109589.774261	
102971.588976	103041.250547	105218.497173	107417.938271	108974.315050	
97548.999385	105163.392117	105794.711836	107356.277132	107717.216492	
108570.494672	109268.643619	109721.026191	111220.844201	111428.989292	
95221.464964	104529.024729	105621.267467	106403.438788	106654.449072	
105666.490054	105685.870604	107527.427212	109092.745552	109320.967180	
102567.299682	107218.191043	109569.892959	109766.652816	109890.411139	
90596.972447	98816.189342	102818.401805	103225.424501	106719.151290	
92659.650722	92899.166973	97899.696812	99174.623122	103835.326746	
95070.437710	105049.797778	107087.644822	107257.570660	107555.932245	
99333.313859	105163.114629	105343.876184	107610.727126	108092.354563	
102883.592884	105326.723453	105519.678422	107736.468713	107990.402330	
104967.539162	108500.976573	113118.456371	113180.193817	114164.075169	
115102.721775	115312.701908	117763.257390	117865.624193	119632.984341	
101724.785726	102748.519826	105347.708306	110819.463635	115519.628060	
102388.856552	102877.550267	106627.913755	107147.309215	107224.217923	
97169.464397	98433.600123	102280.213835	102509.867260	103708.464562	
99467.853508	100313.748658	101739.622488	102597.526645	102679.866756	
90323.943264	94297.549442	98699.190377	101809.680339	102051.765870	
95353.707989	102200.503730	104868.053661	106047.196994	108921.470772	
95033.045480	97640.194002	102959.913689	104954.064326	105486.462560	
97632.115638	102248.925238	102908.746068	106097.529942	106139.999293	
93984.346482	94160.930847	102048.567390	102827.893135	104462.933060	
111078.201251	114935.012814	115273.077289	115741.216360	116722.768977	
91087.940850	98405.157574	99083.016790	99785.476185	102541.669219	
95688.798650	101470.458680	103501.617725	105248.771054	105338.680836	
94586.040263	101171.395074	101562.429946	102425.348175	110210.510450	
107449.979619	115166.793383	115408.577474	115910.577296	117705.362661	
89269.193428	105246.673507	106401.674743	107824.562755	108459.843058	
115762.763566	117048.294507	120517.430250	121100.286137	121753.623023	
102329.598779	103425.165797	103757.920784	104044.899041	104491.213603	
108401.076252	109747.067391	111047.573857	111311.096417	111562.298532	
98863.069205	106064.120543	109299.628787	111590.065946	112055.079361	
90884.538018	109525.387200	111211.644020	111656.809086	111670.969196	
107693.220405	108883.781499	109468.087537	112188.680577	114605.560054	
104516.145416	109162.992077	110594.130933	110914.849641	111036.293799	
104127.736302	106316.587968	107026.120196	108731.814081	108771.327699	
102170.620932	106093.747216	106936.918925	108633.141094	109270.088138	
112964.578391	113557.184111	114687.290844	115573.544119	117457.537297	
116037.948635	116795.233877	116934.880170	117844.185744	119425.646242	
99856.135233	101974.668792	106897.335029	107067.472965	110048.151129	
93113.886220	98735.348367	103063.820567	103527.697174	104133.678629	
99580.235490	101404.110825	101977.072460	102278.507506	104532.802602	
108808.169765	115346.549273	119054.643902	120440.337344	121551.934815	
108525.638541	109993.964439	110229.942294	110888.321878	111011.288295	
102017.064362	106215.929266	111159.695373	112449.439966	113210.683523	
91533.586862	95950.256997	97782.578697	99636.602593	100450.613423	
99738.442088	109914.024470	110196.125242	110251.353760	111258.399223	
98428.704639	101756.304290	101859.189400	102972.921146	103039.638776	
103497.092004	110897.806293	114595.465021	114873.002840	118267.993060	
89256.821282	96404.707941	98269.120375	100420.125039	101414.300539	
101228.728327	101274.963372	101791.728688	102469.831605	102522.713217	
101047.026679	101499.772045	102478.609249	104598.121683	106229.395615	
95895.993030	101210.535991	105129.329437	106185.070938	108387.503207	
90085.960841	90643.405767	105469.314598	106406.374641	106695.768576	
98468.768453	100103.867484	102348.271540	102847.008202	103448.293507	
104180.502494	104463.103669	107174.652098	107966.206978	108845.083371	
112797.677723	116327.473023	118068.557182	119370.324044	120850.214280	
92249.408998	104912.429041	108224.618951	108447.978216	111327.997048	
110770.146971	116766.097514	118422.725711	118424.427154	119107.907100	
97413.171353	98014.699125	98828.899954	100402.130798	103805.048227	
88480.865298	105086.356598	105524.664287	105848.129889	107410.031754	
102975.620586	103093.670173	104650.810375	105009.270247	107894.793417	
90536.562216	92882.422982	99636.635471	100126.609114	101250.277217	
103284.007909	108409.815512	109448.952024	110106.592275	110477.762762	
104444.630845	107928.934049	108904.077948	113375.685797	114036.791094	
83878.961249	90144.984576	104482.511162	106420.001131	107565.315310	
97765.586962	98545.915840	101073.009640	103651.928716	104453.693359	
97014.112391	99218.663583	100560.376674	103377.627979	106585.473200	
101405.027609	106014.693546	110297.433046	111957.686533	112459.216286	
95744.567008	98498.019015	103574.195151	105995.354266	107634.043118	
91533.586862	102029.157243	105773.871771	109483.529849	109643.579627	
103676.890421	104462.266495	104973.331618	105846.866808	107864.815320	
109001.596609	110246.474980	115073.668134	118029.806065	119035.920166	
95033.530408	96292.484561	98614.690663	99769.107677	101041.532759	
103429.260907	107655.296507	108357.168483	108909.755305	109851.455233	
78397.013415	96797.886430	97127.842100	100552.228809	100840.005809	
99761.831719	101997.688595	102479.019385	103152.314501	103975.834754	
93192.111929	100603.344460	102076.097741	106899.431372	107807.726112	
103093.204352	103918.301622	107504.496806	107620.363025	108364.566795	
90595.322221	95750.443328	96539.763063	102980.027835	103103.541203	
104852.679652	106180.411152	106249.918834	107173.098224	107246.618740	
113257.037110	113943.908774	114593.969006	114962.052555	114986.764535	
93791.761106	97119.315789	100821.290359	100984.317166	101562.943624	
115925.861594	116349.885176	119518.834226	122015.494583	122058.474730	
101978.135366	105629.873849	113359.218245	113596.343159	114082.121313	
102760.405364	106128.138480	106201.264305	114651.193293	114873.536633	
89706.623751	97052.871394	99442.723854	100695.995991	101071.363378	
94007.537154	101437.732053	102462.226945	105141.889565	105233.494653	
99204.276587	99730.246829	103491.227800	104151.134729	104934.991026	
104214.107676	108213.506728	109299.252876	109629.376915	110254.943133	
98729.934058	98885.850526	105694.108640	107115.087517	107525.882915	
89419.564660	98741.893850	102411.764646	102755.375900	103456.591744	
93858.160548	98834.876220	102602.785040	103160.053939	104430.192653	
94841.384628	97706.327538	100752.730841	102349.823674	103206.262624	
103111.348950	115679.749163	116019.760316	117046.761324	117578.693937	
90980.091538	93590.175919	94393.980488	99621.496167	104331.286043	
110811.315749	113914.232732	116346.276525	117122.164190	117310.421668	
96724.518854	97162.428141	99844.046381	100718.309657	103394.487412	
104149.750056	104981.502284	108703.905336	110397.052726	110469.882037	
99941.614981	100629.835022	106089.992286	106582.778964	107010.041996	
98155.904573	101279.500226	105242.412391	105377.669478	106521.346962	
109060.379032	113207.222488	113598.239095	113821.216372	114365.596177	
105637.216680	105935.839820	107039.886581	109159.330605	111272.514653	
103003.898760	109292.885047	109874.619597	110432.719685	111217.603343	
103520.763907	103824.234111	103901.711238	104599.605834	105018.449642	
98278.213147	99995.693843	100039.351502	101668.936217	107229.251277	
94044.225138	100696.320590	101130.626909	103418.263959	105484.424030	
104304.304135	106553.822680	106655.956328	110670.392206	113542.765329	
105348.675621	107873.034531	110294.561054	111466.100850	112489.732331	
99599.804411	99754.393492	99865.326295	100533.788119	100850.465271	
108196.841545	108212.879975	114885.057340	115601.138980	120065.063699	
90683.416373	91503.223938	96681.702571	101297.954129	103614.383153	
94348.700589	103440.635590	105700.404394	106948.600457	107636.943831	
106070.113774	109152.975504	109275.993874	110359.423816	111484.828958	
101429.349297	103048.532652	103980.979943	107175.408045	108278.785286	
105588.802579	109030.701186	109350.835966	110930.008679	112250.692134	
91176.990284	98393.787894	100575.230480	103051.884921	103221.217887	
87012.475580	96273.355436	97051.919883	99400.604071	99743.042233	
101704.203977	110560.983851	115055.027076	115798.132361	116015.625186	
99095.196905	101474.675054	106220.768784	106919.134407	107290.773787	
90274.285990	98333.626223	103736.296589	107494.357498	109577.293943	
95937.329535	99743.295862	100689.223369	104418.728343	104663.249292	
94838.040948	98171.519733	99712.462947	105145.031660	105491.526925	
108891.801433	109583.127791	109681.865984	110114.262845	110954.160571	
97002.008176	97714.517177	98191.574254	98782.916030	98833.070675	
96292.981278	99783.350687	103420.575578	104381.665757	108632.273328	
105113.652364	108636.928259	108814.502956	110156.117807	112724.699114	
104824.668553	107265.558330	109833.009417	110537.998651	111378.979767	
101695.781809	105771.504721	106677.596896	107416.393421	109452.101034	
113320.758942	119998.086273	120462.298563	121187.974340	122080.831225	
97706.114751	105824.550052	107919.408835	108544.761182	112328.257091	
102436.419408	105015.761470	106874.302982	107621.583751	109372.541914	
103772.816826	104713.591966	104866.763705	106929.724356	107845.136170	
92080.347522	93289.871548	94699.137847	96472.302767	97745.133087	
101889.061833	106793.631024	107183.485363	107551.978882	108217.178422	
104513.406374	109815.813944	111312.391933	114953.418695	117870.329280	
101569.758964	103122.075417	107142.414655	107801.967100	108329.117747	
82470.833322	94309.468369	96297.043656	96882.342683	101911.365996	
83535.289294	97438.900250	98705.752432	98953.163432	103000.087748	
106001.784673	108367.362347	110933.839368	111046.398986	113139.730991	
93378.197593	97123.974134	97264.142308	98293.702853	99201.175771	
93125.447091	97162.790980	101404.551279	106750.700601	107709.288820	
91315.143406	100052.248234	101774.991154	103799.738430	103897.913549	
88480.861351	94445.215488	98304.167470	99867.860910	100212.818300	
99837.244949	99869.635147	104993.283934	105234.947779	107603.598498	
95718.322732	97085.798632	99742.823162	99897.679932	100266.790978	
110863.894130	111487.954723	114678.786103	115508.046123	118637.405629	
105128.995749	111047.755727	115165.065906	115378.435348	115608.167231	
92171.511509	96594.087947	97113.259361	99474.600762	100399.866375	
109192.445345	113461.320016	115268.306877	118498.464388	118736.202993	
100163.661066	101917.883077	104239.849274	105048.289357	106878.295374	
107564.782504	108241.400088	111615.612157	113696.696755	114759.777009	
99008.710999	104006.652034	104348.306455	104726.167821	104810.862384	
96184.735989	101098.179912	103215.566652	107684.151105	107977.327261	
94109.915537	106809.253319	107401.593146	107716.315865	108153.779602	
105972.552564	108424.196312	109886.438392	111193.728448	111647.666440	
98226.027863	99195.940422	104104.914397	108771.232096	109743.150698	
108704.609202	109915.125157	113844.475897	114931.012246	115130.805091	
93742.514914	104018.262704	105136.708235	105139.097245	105793.293627	
100705.842515	103616.470841	106637.392318	107040.479299	107207.898900	
103671.209509	104270.745605	104863.753096	110409.781178	111747.835535	
101479.111709	102730.238651	104154.414762	109995.904310	110276.226351	
80691.853720	95511.907065	98323.802665	102744.355480	104013.415141	
83569.716490	102353.968005	103204.131021	107145.029545	109433.944389	
106076.299971	107948.637645	108367.731471	109640.695739	110043.928267	
105660.964379	107890.725014	108706.389308	111315.556880	111448.164353	
101837.100052	102819.451668	103722.672837	104073.225371	104388.919763	
109132.867378	110545.774275	112261.673362	112391.241730	112493.634144	
99338.661314	100899.555958	103716.567232	104047.152801	104924.475594	
92937.813798	93325.584959	95918.571737	99897.833124	100092.171815	
103193.391078	103341.345502	103836.510047	106504.920429	107531.923844	
102230.218394	107062.548980	110704.346710	111835.099683	112817.431924	
111122.677885	113495.171053	114015.010455	115211.760790	115433.345311	
107128.405865	107181.113299	107652.188523	110259.691488	110705.089667	
81504.268213	95436.358196	99147.478119	100144.634628	100518.578961	
98575.956021	100560.147006	101352.933570	101757.773390	102981.518360	
102764.889051	103292.206310	108571.805073	110256.594988	112727.874758	
93738.429615	99884.097524	100229.098397	100814.576824	101481.100342	
103125.353129	104782.563333	104892.237847	105251.228418	105746.516525	
94618.375822	101288.087840	101823.747210	103690.014542	105202.801843	
92838.356250	94524.096448	95945.370567	95952.022228	96826.738977	
98259.667250	107437.493466	110795.231008	111633.211296	113752.933086	
103847.425836	108145.033186	108460.249071	108786.076225	110269.561171	
95996.765391	103076.967900	103886.694004	105281.961585	105880.375516	
101659.132799	102832.038460	106857.645408	110905.888540	111600.879436	
98481.094873	100090.748696	100213.175092	100416.446776	102070.314355	
105891.259175	109302.507631	114914.775129	115769.227877	116919.038128	
104653.634887	106677.040065	106795.418408	107319.385109	108447.553528	
99747.074296	99939.263744	100351.636151	104394.451956	105488.412594	
102407.832954	102995.000278	105245.424303	105893.125354	106587.010090	
113372.507848	121166.974366	123091.387331	123162.110678	123476.729600	
99601.095197	100171.291764	100967.316023	101134.937670	101631.967116	
102848.279980	105793.967164	107082.931155	108034.174633	108637.783371	
105997.402437	111033.603972	115712.605537	116473.791577	116510.860352	
90035.960634	97458.887730	102398.376568	106144.792681	106157.356971	
101666.987668	106318.381357	114211.919375	115708.936830	117923.679312	
97597.138887	101773.936801	102662.992704	103114.216279	103341.345502	
97063.656042	98594.412328	102114.629576	103022.475440	103214.221107	
97477.588577	104040.038565	104157.057837	104822.407716	104860.379180	
102384.489023	104404.931049	104985.365294	105034.607311	106348.950352	
95670.754517	97095.662159	97715.054450	102521.947414	104870.859893	
89596.758772	93347.399445	94423.905331	94948.815437	95702.624504	
102371.927207	105508.004067	110244.298498	112462.615599	112464.706094	
98299.858689	103177.936146	105160.506963	107204.665155	108239.539242	
95084.747909	104133.678629	104202.986335	104307.771233	104742.094342	
93663.037264	98299.858689	98403.481781	99227.509833	99717.527303	
96452.676383	96525.696312	97665.310667	99366.458950	100875.225713	
89265.172001	94316.399105	96799.311037	98837.541629	99554.294975	
94862.131323	106182.205962	106199.602582	109086.246385	109227.958579	
88495.881439	101745.211347	103874.500670	105653.524602	105666.941196	
112469.787260	114317.293700	118496.455322	118607.740548	118789.926432	
101158.831801	106308.141113	108044.331821	109987.297385	113160.099309	
90166.502743	102957.038973	104458.942628	105856.958790	105956.978261	
94689.400942	99773.397560	100315.770960	100788.247463	101289.374194	
89594.665488	95990.127448	107089.557228	108183.235721	109012.187348	
92822.877961	98793.556793	104346.382235	107939.946701	109504.928229	
113038.755057	113138.696393	117196.070924	117522.170321	117717.583999	
90635.141230	91164.805322	93192.111929	93782.560598	99845.670595	
92129.025109	99642.006632	101937.452971	102009.484868	102320.121888	
112982.691344	115013.595415	117394.572641	118674.075533	119158.633226	
95723.319052	99133.166429	104221.813450	105537.342957	107483.888239	
98774.596810	103368.807631	103561.062344	109110.512948	109526.724587	
114475.980207	115085.146523	116690.180682	117065.496369	117070.353755	
104520.758063	107652.002810	108739.771996	111074.586696	111100.851001	
100846.006181	102399.692073	103786.081178	104158.321962	105397.500798	
91606.048473	92785.242639	97827.986237	99084.241722	99516.440668	
98490.136573	99035.122934	102170.907901	102528.903921	103186.960432	
112284.674252	114289.515932	122057.469076	125398.493279	126000.231677	
98960.025916	99167.049197	104635.799051	107735.755477	109398.327395	
100093.895564	103903.350782	107142.010011	109195.408818	109666.471505	
111279.364795	112156.984199	112972.499657	114152.388068	115513.245205	
89596.758772	89819.181494	95578.724369	95941.396013	96261.649928	
99239.492178	101929.099815	103408.398027	103753.288642	104620.426846	
96694.735202	98641.079375	104283.775641	105167.089699	106722.865903	
98290.829761	99877.596959	99895.919420	102526.280193	107825.859905	
105929.944786	106860.503916	110490.858745	112034.528010	113300.923976	
102717.973027	102911.560230	105363.633256	105703.701283	106635.964862	
102787.050988	104574.651107	106148.020737	107043.305852	110113.768264	
84899.081450	94618.375822	94685.810897	94890.208639	96992.021651	
110300.049681	110766.839374	111518.633989	111688.726767	113311.808050	
109644.986441	110387.565130	110450.537327	111090.462321	117279.045755	
101316.353505	102024.945377	102340.503370	103053.542096	103492.590543	
93992.056363	97837.899191	103550.540872	103701.940520	104691.779157	
100380.126452	101940.464678	103835.280077	104267.006559	105376.441722	
115404.641588	115429.797618	116220.697463	121080.411051	121192.350888	
109096.676334	109432.810903	110871.431402	111701.777983	112721.858868	
89289.305563	95039.575369	101961.736116	102531.765979	104890.219756	
89203.593263	92388.555569	95533.091481	97108.449589	99165.046912	
97420.268861	97967.005000	99020.024227	101362.559482	101516.909398	
102312.327083	107662.664025	107942.457306	108272.721333	108988.400708	
102640.152640	103095.624610	104463.103669	104630.360340	106299.428357	
94600.461470	97196.053827	99514.938767	107730.834206	108501.127780	
88139.241166	100919.332989	105063.861023	105139.206039	106806.592137	
99154.210709	108845.747255	109006.073545	109603.257262	110238.279645	
104183.865139	105456.355191	106367.219057	106616.511244	106854.170617	
100810.782788	105863.085376	112196.106457	112218.563724	112409.076809	
88798.355437	91106.610381	96660.950174	97194.634125	97626.148639	
100184.303040	102055.938623	102754.355070	104296.573209	104575.185768	
104871.808095	107175.610869	108198.993610	111570.422601	116099.409482	
99263.125702	106246.518199	107244.043521	110660.049524	110929.739775	
109398.101333	110908.509624	112760.997794	114723.942416	114856.190996	
94914.072828	102299.298507	102933.847135	104288.518325	106202.348477	
80144.858878	87588.160826	95042.684770	99024.493828	100199.044935	
82708.355921	99392.167676	106399.834116	107228.276429	108032.759375	
100358.101664	101390.929130	103476.381513	104969.641104	106021.056078	
89727.035889	103148.327016	106833.029115	107236.245637	108351.314316	
100775.966339	107571.906066	107582.468734	109363.442547	109988.020722	
97119.433839	98794.937879	101288.839191	101441.848700	102170.811176	
97264.251209	101186.106614	104056.919467	105730.966686	107423.459133	
96155.088421	98862.913000	103718.688316	108928.479124	109152.540324	
99859.230138	103482.281067	103766.082440	106033.074031	106833.466602	
82666.548980	95910.691050	97343.315713	98540.827264	101086.722190	
69604.545546	94747.278860	101278.062185	101333.571604	104066.294875	
105375.255443	107632.962242	109519.516642	110626.537254	111512.451479	
109005.862153	109214.199324	114255.706336	115687.253817	115756.791997	
100614.447442	101223.200296	101868.585512	102117.969335	102751.550629	
101380.650679	104874.657057	105321.721818	108171.603953	108600.943524	
93741.071990	96733.045234	102281.839281	102619.415365	105409.303734	
97013.045614	104319.002773	107146.903428	107574.645351	107664.021327	
97860.508036	98910.016917	100434.332511	101256.194780	101806.384358	
106816.779279	110459.558049	112235.130695	113284.567399	113543.914561	
90980.091538	105577.614573	105813.736379	107568.119405	109489.455361	
104781.988758	106901.345484	106968.770211	109150.305959	109958.089157	
94565.625314	106156.363093	109730.975551	111160.831154	111696.379894	
101105.049376	103578.047143	105164.444881	105184.379582	106847.635678	
86498.983785	97202.675706	104340.690729	107666.163714	108676.282301	
102714.000672	103720.426245	103841.274286	104941.686305	106456.101389	
100518.198183	101082.626265	105001.860652	105339.431385	106629.005496	
109156.294760	110235.140784	114185.917567	114902.203454	115631.229561	
106071.866176	107563.551109	107935.506115	109640.446920	110047.171195	
115555.230715	115577.456025	117514.250200	117797.125143	118402.887760	
93520.067520	95718.322732	99948.729010	100273.021234	103163.051902	
108845.140863	108872.431061	111736.704538	113093.520079	113534.238700	
103389.635648	105807.532036	106808.574724	106967.256849	107252.530637	
111294.692388	112338.352502	117879.775760	118386.889223	120803.369618	
93237.670815	100423.812181	101802.068288	102180.167649	102908.746068	
98155.966650	104121.036832	106164.066777	108172.270966	108692.866679	
99907.823065	103433.260453	104049.837014	105929.751202	106235.551071	
94714.584264	96497.871016	101365.914252	103989.335836	104272.362193	
100404.695333	101129.952456	107731.774234	108484.667163	108989.843984	
86203.814949	88224.537433	89087.825206	90279.402219	90450.681836	
95623.520757	97981.997091	99801.628105	102158.545329	102294.205479	
94669.707505	95799.169017	98280.897321	98929.952470	99800.656834	
96471.530938	99510.874859	99883.688597	100991.502107	101726.453477	
99331.600085	99518.906301	99822.401445	100397.207816	102749.079632	
96267.065724	99100.036074	99975.948585	100046.176127	100296.554254	
112145.426068	112430.515257	112893.936562	113453.444587	113759.938158	
84395.642661	100525.234656	103177.640124	108420.126760	110505.727597	
102747.041618	108868.790799	109202.752935	109227.243010	109315.411948	
103013.623931	105309.781082	105919.081206	105927.266827	106042.010536	
103309.417576	105369.504926	106528.964247	107125.150393	108810.215843	
91661.997293	96414.812495	97425.554238	101119.965791	103869.176571	
107360.604527	111373.019438	112638.285429	114528.334928	114910.850378	
109056.045059	116636.813878	118514.751750	119873.317098	120389.099739	
95153.385696	103585.890295	104434.702907	106006.593563	106812.435820	
103758.972804	107489.209957	109011.759153	109063.559898	109256.605548	
100296.226159	103981.838460	105476.798150	108523.596482	109068.521662	
101682.173167	109956.577168	111559.304245	114380.412562	114792.659087	
92824.069600	101519.616994	103104.699648	103420.575578	103825.343554	
99475.828991	100619.005058	100796.035988	100941.624574	101328.209013	
91526.272917	98317.508589	99193.878220	102471.924664	103883.776030	
98265.330807	105252.302773	105762.080439	106037.171312	109388.782030	
106918.120035	109569.320549	109888.953595	110488.400968	110523.676384	
101326.781773	103317.744600	104266.745963	107720.619135	107781.650057	
101739.142141	105580.724520	109027.267366	111794.751527	113151.830708	
112867.768194	114042.883072	114371.386803	114518.359097	114783.146159	
103725.926472	103978.768848	104088.080352	105746.693923	107598.910040	
87682.937818	92168.740472	101569.758964	106616.536672	107505.538203	
110521.778140	113497.612470	113510.956944	118411.910422	118802.507741	
91315.310344	105136.325351	108683.398343	111286.942528	111612.338001	
105157.611413	106242.222757	106970.095368	107352.513624	109623.083961	
105548.907815	106742.488032	106871.182111	107942.913357	111771.397086	
96701.837924	97792.603625	102230.668245	106428.281112	107970.356550	
110506.942090	110902.056784	111890.718465	112236.302414	112505.802238	
92942.038183	98453.473340	102029.895245	102967.458098	103473.132475	
96015.763353	103483.729502	103585.703075	103782.856724	104211.574364	
93946.244069	102040.784183	106091.542901	108000.950696	109928.607785	
86722.860756	99052.370770	100886.282590	103449.518237	103766.945967	
93214.939117	101384.267706	105648.560245	110193.821318	110762.518187	
87033.331676	97096.593500	102662.338686	103843.607645	103972.132691	
91598.958298	91911.481328	92027.075624	99677.257218	102118.923466	
100925.051245	101383.481128	106839.198956	107024.897813	107987.892332	
98551.377312	100868.492291	101581.402692	103151.804927	103290.980303	
99282.716920	104486.550486	106230.058195	106252.753728	106473.796671	
92321.830560	94391.831062	96328.693458	99996.121214	103653.541735	
104063.405881	107113.230315	110913.506843	112934.848882	114125.806310	
103690.107595	105611.282672	109078.497552	111051.203674	111310.787646	
110221.009939	111594.868620	113574.943046	114197.673109	114816.399227	
106036.626569	114472.220926	115248.419310	116022.259853	116919.803630	
100996.514281	106510.475383	108846.353241	109579.718454	110252.667241	
96195.953974	102744.903914	103760.561994	104046.980279	107525.890039	
111200.609345	113434.032810	115240.348879	115971.192851	116338.869286	
90994.233231	96082.324338	98246.938066	100062.185576	107265.275222	
87566.943645	98459.427883	100685.853586	101545.022305	102212.595878	
103482.281067	106858.470193	109177.346675	115033.641116	115688.446059	
95576.116392	100982.033462	101446.709794	101890.904045	102169.228513	
92358.389442	93446.193257	95331.661911	103640.799981	106461.802140	
109174.647805	109280.069492	109858.990888	113596.015626	115293.482935	
105436.915300	105460.948761	106865.743197	108299.228379	108633.610641	
89045.070607	95623.303226	96702.974143	98488.611283	103205.538492	
95535.177553	95784.441707	98908.308242	103177.589733	103727.082745	
98135.748801	101534.982681	102087.451311	103512.479095	105148.880041	
102713.356080	102927.432269	111513.378260	112070.294223	112438.641495	
89786.601403	100807.382368	105406.805882	109621.711826	110028.856629	
85105.584600	95539.151920	103936.452690	104772.723180	105761.118491	
107853.433458	108435.533517	110563.276992	111028.613139	111299.899929	
103442.499664	109331.238199	111506.468657	112123.048776	113579.118096	
96724.518854	100619.005058	108058.589014	108101.578087	108875.479009	
100273.021234	109579.146197	109778.030640	110052.772330	111785.533129	
95922.922667	99296.683840	100276.218527	100422.900119	101381.733746	
104689.912079	107535.619809	107823.236298	108391.310795	109724.100087	
108604.451461	109918.905437	111669.081078	114733.900856	117178.029866	
113056.284723	113468.115645	113705.957603	114662.952200	114927.669340	
99311.606523	107224.412261	110047.093141	112809.574954	113364.648535	
95822.369164	110485.011689	111566.606829	111605.184774	112370.379745	
99985.868035	101818.945144	106626.624711	106878.794502	109603.942131	
97009.789312	98045.549993	100259.108250	105949.244493	106438.342937	
104935.274720	109123.968734	109253.289061	111472.416970	111769.332370	
96766.402232	99565.921518	105483.488344	105729.001786	107071.878684	
95146.420106	99006.064290	99310.016629	101094.771014	102337.403836	
99275.018096	102711.705864	103082.582340	103816.771637	104990.176142	
109666.918794	110473.894159	110638.422620	113313.423024	113470.797080	
93112.287216	93753.007467	98197.342298	100038.733114	100608.384620	
104124.948080	104164.531587	105409.808003	105689.436369	106330.985785	
98374.937237	104937.412201	106705.934317	108905.230838	109915.473495	
92621.597589	94726.378440	98275.463736	101489.694686	104675.115510	
83692.803963	101201.017369	103041.195520	104406.231180	106261.732617	
104118.672843	104936.122133	106965.054696	107191.311595	111513.257366	
99288.867627	101514.329404	102122.145694	104866.423206	105388.984565	
116161.959475	116825.938353	121312.924805	122017.223728	124834.048066	
96376.129304	100499.288289	102322.629229	102506.263343	109213.716823	
107345.361267	109810.396345	115454.466430	115908.626125	115929.964987	
96679.771485	102957.038973	105691.574775	106182.287059	108009.795007	
100257.014386	103367.933796	106461.368409	108191.451394	109893.843314	
108108.234497	113220.520792	114973.093350	115667.352186	116105.050897	
90967.631224	95920.402157	96513.786751	99003.495868	101697.836209	
108493.554688	113077.966774	114590.354875	114952.867169	115514.395507	
110247.963558	113457.570104	113966.777276	114557.089596	115185.467447	
108220.302110	108394.693514	110075.765904	111593.734724	114233.050491	
97908.262462	99244.593774	101701.417775	105570.285003	106951.108838	
90058.565702	97638.710532	100017.957398	100703.529007	103305.159031	
96439.012063	102748.503174	103305.911607	104357.386007	105101.376754	
91914.273430	101895.199046	105993.768754	107080.807675	109276.698742	
97766.966373	99222.372265	100522.783767	101054.025539	103255.932184	
98584.928249	101366.751306	101545.542010	104523.411906	104663.168313	
105163.230331	106925.253281	107445.811345	107639.096014	109267.710739	
93688.345568	95815.640536	102152.519956	104160.461705	108794.886278	
101684.801181	101853.642185	102864.236567	105046.611090	105671.514536	
104433.816031	105025.899761	106068.388045	107696.446860	109114.832154	
90570.813678	91535.788124	91603.704991	95940.590474	97244.166150	
98856.666522	100997.432056	101295.900154	103054.573996	103823.445067	
102739.313879	103396.824489	103565.009297	104011.700762	104628.252142	
107743.812351	108284.829660	109617.561758	110202.465040	111417.741436	
96390.225479	101331.715703	102094.366599	102329.458471	102819.591052	
100666.299268	101265.726467	101345.649157	101687.282385	104830.123923	
107001.547893	109375.227203	111168.796186	112197.014839	113287.179076	
97185.535864	98223.323130	98553.297311	99276.031059	100388.843411	
101776.462860	104204.827348	104248.446765	106321.842820	107704.629640	
86894.814927	95114.762526	97214.115036	97581.741774	98729.759049	
87797.876853	104643.617032	106483.071906	106679.582373	107843.508067	
117766.627325	120180.358876	120315.158138	122839.249239	123544.199340	
97434.974222	102059.363583	103249.600479	104322.636158	106843.673903	
84320.736452	97474.861266	102926.821370	103597.852242	104138.699452	
95388.721195	96108.889884	98043.499151	99632.034436	100168.247022	
102969.361589	104233.806853	105817.910332	107592.621268	109270.222576	
98714.762430	101512.877701	101666.739666	102270.319043	104285.497230	
96606.988426	100910.427831	104938.418214	105367.268972	107164.169667	
102687.421181	104844.554115	109466.732377	110633.225195	113403.829585	
96408.836377	97836.994923	98229.097967	106159.218351	107082.012168	
95413.003874	110172.205688	110296.021083	111221.020567	111355.851174	
112844.727102	113101.740839	113989.498484	114250.156255	115088.143551	
100720.853951	102237.670740	102923.830561	103157.696716	104000.136947	
100894.714581	103462.714586	107342.390148	112642.047318	113940.442810	
97472.513002	100843.321995	101587.987914	101844.163437	105662.949932	
103143.165702	105772.423815	107145.727653	109364.622276	109856.234833	
97124.854436	98387.406889	101643.764482	101812.654009	102762.222989	
92504.231461	94474.131444	95520.801517	100805.926808	101901.471967	
106124.039526	106197.384660	106336.347647	107212.865496	107383.722287	
92742.660900	93706.593625	107023.320138	107854.211718	108528.889716	
111689.075946	114219.605094	116395.492811	116926.775986	116954.958308	
99016.516101	104639.831357	106130.866249	106342.754583	106634.174653	
84640.925178	106838.010313	109931.995199	110737.388460	112646.913112	
98435.310613	102647.298711	103053.542096	103456.591744	103485.372346	
97457.967892	99580.235490	101744.038155	101853.343052	104231.906260	
110801.515255	111867.730847	112650.928313	112859.299449	114658.103498	
98040.564061	100354.513296	100550.723423	102725.624225	103246.201028	
99591.508747	101504.163627	101791.031716	104011.700762	106682.398698	
102085.316599	105504.783034	111508.789922	114722.536937	115087.548476	
96489.418863	103878.425980	105534.789307	106071.914266	107161.624580	
94126.857244	105294.907116	105333.101247	105894.124554	106387.440880	
104725.711766	106026.543433	107410.079474	108447.553528	108538.852755	
84622.356131	90436.682824	93142.730488	94256.082705	97564.825129	
95060.445572	104821.521244	104915.334112	105738.592252	106619.058196	
101310.223202	104033.741331	105028.387558	105571.977319	106265.427951	
110444.431655	110499.827357	111039.116328	111597.206751	116600.228539	
109068.521662	109490.337184	112807.579367	113221.351221	114680.419189	
99800.944432	100689.901905	101730.563182	104104.894613	107164.130680	
88224.537433	107863.980933	108122.144624	108218.153207	111162.673942	
102052.213562	102875.388356	104228.117739	105449.585602	106016.706379	
95639.411215	101285.250656	104019.517083	106096.480486	106364.236729	
97451.219815	111440.997655	115053.034476	115598.836032	116161.497861	
94757.306179	104600.964331	106684.663536	109948.231062	110737.583045	
95129.311332	97398.408403	99756.078841	101048.859283	104056.793427	
96822.296175	102236.396529	102604.625527	102975.866710	103382.770022	
110316.103466	110456.890264	114486.527077	118154.433123	120255.508878	
107668.217495	108156.716933	111341.482240	111868.911724	114676.309280	
104292.959531	111388.589411	112392.291011	113295.019360	113347.103056	
96907.459955	101631.182200	103583.928750	104452.218654	105567.417148	
100158.496964	104947.006356	106872.143432	107477.126052	108216.857539	
97452.717722	101925.476359	102975.645190	105266.922996	106444.150743	
98652.940032	104274.550998	107344.265481	107514.162581	108305.504688	
87193.210953	87978.714520	91558.870211	98996.804344	99196.341744	
100827.358581	102529.405887	105550.617859	107297.602626	107541.708140	
107719.879774	109574.464049	112608.355172	114068.974572	115028.321912	
95520.440572	97785.106674	106315.897120	107174.430841	109800.933115	
112827.304150	115510.125885	115975.298957	116135.615266	116984.408505	
99722.241436	101819.068881	105203.934528	105593.278997	109983.317900	
96391.885788	106404.513099	114604.423221	115237.814301	115520.581058	
98781.905094	99558.968312	101047.736694	103422.596610	104992.422531	
96756.601718	106252.538140	108556.058716	108573.593588	110869.761162	
101469.779087	103463.558497	106727.863177	107159.265442	107968.836291	
99257.061152	100172.505547	108117.509938	111229.813251	111411.469174	
92071.306677	93284.750734	94477.057868	96155.242735	97252.199818	
99857.565899	101658.141949	103445.256447	104328.459390	105750.665967	
105142.970909	107080.477093	108183.375614	109979.006312	111735.201361	
94436.512488	96068.678541	96945.158448	97100.010968	99644.323200	
98960.025916	100741.018542	101400.341919	105235.870210	109148.897539	
103182.421602	104550.080941	107707.334153	109158.027073	110004.918163	
95740.495356	98501.625896	99966.211266	100989.392139	101993.784579	
103368.601317	106007.665643	106055.935779	106181.380576	106953.495919	
98785.004161	103605.515059	107193.685642	107693.678007	108036.814538	
103389.051521	104191.416711	105559.473400	105681.789754	108117.402871	
97432.497712	102383.888566	102444.229512	102747.536579	104983.700232	
112214.176827	112263.128256	117284.381335	118429.382649	118648.562006	
79550.635347	86938.786524	101424.054389	101678.697141	104845.482487	
85985.266011	95609.041040	98272.758163	102048.859249	103482.342713	
98800.559441	100123.443962	100661.884067	104000.866003	105092.552199	
98267.773375	105303.813134	105382.377817	106704.363265	108260.825275	
103663.491729	106470.341077	109664.477754	109930.177334	110707.335043	
97948.919087	100440.348333	102705.667737	104911.401092	105069.664668	
98998.342666	108234.429262	111169.336434	113558.287047	115192.108652	
103648.759478	106581.386672	110439.199839	111039.569159	111189.968210	
94483.053910	98151.903209	102701.346638	103119.803516	103152.922203	
108231.742571	108261.155465	108362.271933	109472.093501	110270.787420	
95153.882280	100148.113329	102272.292303	103149.085126	103892.299725	
102576.840912	109775.322754	110469.992657	111916.767792	112119.028115	
103007.855598	103131.121153	104526.148763	105067.384210	106302.317431	
102886.017680	105148.184615	105231.758828	108253.910484	109581.238009	
109031.232957	112427.516103	112823.918266	118063.048581	119530.486673	
103834.465176	103858.562634	104499.003617	105764.863653	106557.380179	
98038.078431	100424.174560	101618.067219	102509.750124	102846.970195	
92739.145428	94757.306179	98946.729779	100747.064663	100938.107938	
96012.262178	98926.691370	103396.232537	103847.012139	106283.819030	
102043.655076	105376.100111	105449.771530	108451.508373	110072.605058	
101188.427507	106603.353776	109209.805422	111522.823141	112590.794092	
106172.681842	108281.991720	114647.812511	114833.460608	115609.773165	
101534.982681	102072.915012	102969.361589	103320.082220	106529.330583	
108386.495965	108734.833489	110360.135563	110899.297983	111361.252879	
98882.754718	99878.488025	103200.061519	103344.381701	105614.326700	
97420.095736	103708.146001	105428.166907	112927.069691	115415.334575	
105855.131676	111132.270704	112690.537386	113217.098254	116254.258347	
100187.788076	102333.602278	105027.777992	105650.877234	106143.830787	
103788.932855	112348.208562	115062.772201	116785.676131	117136.040512	
96155.732512	105786.942257	107941.742712	109762.939622	111043.794179	
89354.798289	91983.899578	101104.216255	101520.455167	101640.883296	
106315.990673	108594.763537	109828.048644	111055.909020	111904.253696	
105530.156885	107876.786477	111653.745897	112693.368850	112703.616799	
103139.606398	104540.354355	105566.028196	105690.858699	106216.270262	
96787.434660	101481.869198	103389.727674	106567.371056	106947.473399	
103505.845672	106083.705202	106806.574073	107322.974013	109596.772374	
116142.880555	116743.808995	117015.206265	118414.895667	118447.323144	
90928.529655	92633.971600	93407.995843	100096.364741	101024.380273	
100891.271343	105771.905907	106763.953886	108451.038271	108794.214343	
99704.053844	102675.756472	107222.531204	109208.284756	109748.118328	
100633.398480	109574.389815	110080.859570	110729.812045	110929.643626	
106469.679616	108818.071192	109432.538648	110231.834596	110617.094575	
108377.290632	111846.014514	117359.944409	117545.846504	118356.829410	
110801.808849	113006.351602	114857.188518	116026.770652	117912.781713	
105586.773170	108147.876277	108839.614608	109606.228281	111172.253641	
94533.777741	101075.217684	101365.168938	104340.229594	104604.823429	
103773.806410	106417.758981	111427.678815	111939.683175	112798.148200	
106333.604381	108102.846039	109257.195104	109698.105469	110274.821808	
105309.258127	109028.127344	111765.523895	112346.024732	114255.075194	
95954.624703	96076.514715	103103.399519	103333.800806	103704.897964	
106396.894384	107364.949566	109091.630145	109510.950310	111158.763755	
100087.543687	101516.108473	104171.548906	105333.101247	107728.449320	
108383.722383	111044.842136	111535.929060	113855.323828	115336.120812	
92543.129082	93938.606176	98094.111528	101125.049715	102713.356080	
97710.674009	100137.567844	102198.309955	103074.469894	105219.687604	
92651.957459	97537.617024	100817.683815	101521.523516	102959.619522	
95586.526413	103795.719262	105318.852971	113205.753289	113495.145364	
96602.256479	98690.332411	101792.928423	102390.729814	104371.780735	
90255.524025	101906.518719	105630.336528	106406.623332	107171.408875	
101995.843210	106397.863323	107360.604527	107695.351282	109519.756260	
98951.637484	99859.230138	100477.475380	101836.370853	102161.872748	
100770.101790	101244.327079	106905.998639	111268.492392	112427.222022	
85549.211429	100825.392331	101501.472044	101723.336159	104160.461705	
90065.358367	98774.818610	102511.492392	103685.642469	103924.644628	
115371.584466	116974.464182	120359.763950	120829.407357	121443.760742	
93864.017849	101369.288367	105447.634985	106128.493059	107300.017272	
103317.266156	107121.171402	107525.354779	108651.185035	110739.081922	
91125.307441	105619.060167	108181.652950	110363.164987	110629.294516	
105665.639278	106120.888474	108107.423667	108477.050071	108698.206633	
101703.158352	106223.029542	112085.400451	113788.287713	114661.684954	
104412.349321	109973.327222	110231.169938	112006.086514	112305.905368	
90635.141230	91247.091127	92793.269174	95028.432047	95918.898935	
100311.236734	102160.849079	102252.672084	102689.974225	103191.363050	
85630.913547	95603.183265	96001.929056	97073.005546	99377.136712	
97119.315789	98619.639692	102972.344008	103469.604443	104181.591523	
94021.599155	101585.774999	104377.051323	104970.835236	106426.763225	
100255.753668	103100.379208	105587.822342	105627.329244	107979.513190	
105660.742009	106293.989621	109192.995239	109419.227752	110086.199301	
93877.231719	102049.717628	104410.859537	104501.674815	105429.656980	
92941.829428	99902.412281	102360.473935	103584.547156	106343.305502	
104926.307009	105595.675746	107748.150374	108062.161439	110215.514244	
98848.919449	101687.242649	102475.242232	105992.789724	106138.415357	
101470.458680	104826.130519	106709.065634	107379.237048	108291.754521	
96581.891130	97888.970045	99758.412487	104247.995735	104539.237158	
98047.423104	104380.887317	106719.151290	107003.500023	107739.985218	
92689.798978	97845.769677	98063.786661	98159.458576	99052.370770	
100988.226832	102131.216141	113968.184266	117819.873652	118325.254155	
103568.646365	110778.928026	111368.589520	111750.429699	112302.827263	
96679.771485	105369.438901	106349.331601	108732.647334	109620.742173	
96070.425766	98292.908588	98964.921203	102049.717628	102522.713217	
105459.872195	106027.189335	106220.096767	106655.033562	108661.247904	
97042.172220	99288.691497	101584.780977	106836.459594	106968.826835	
106905.917485	108939.597227	109998.083212	110753.099242	111343.210051	
106428.093601	111476.852751	111600.222120	112518.216061	112629.770602	
101274.963372	101679.746079	106563.005357	107349.539636	108241.762331	
99624.527877	106295.088504	106733.584626	107619.244731	107870.373835	
104827.412822	109715.423936	112624.561097	113975.658135	115410.644234	
103088.017303	104096.139469	104471.516274	104550.080941	105812.306458	
92484.082586	93164.821307	95644.316057	98462.365312	98650.422016	
120700.297645	120786.812815	123554.434683	124415.619499	124646.333074	
90486.283381	91006.941044	103286.049530	103967.110818	105133.504208	
104216.690968	105480.302776	106874.616660	109979.493754	110850.497589	
105432.865143	107585.399368	108499.544853	109754.248183	110313.043008	
124184.787195	126319.581752	126331.603595	127584.801100	127617.347067	
90309.533122	97587.517311	100646.386536	102921.713270	103005.172375	
98256.537541	99479.201548	102426.367128	102970.754129	108479.253350	
122253.346827	123182.023139	126893.738507	128003.780847	128314.153189	
98863.405260	104811.738038	105998.196360	107583.576296	108831.057591	
95670.754517	99947.313834	100258.867827	102219.165779	102632.627867	
102154.469959	107891.828335	108197.998111	108644.380739	108926.014765	
97473.747843	97679.579422	97710.476693	97917.776468	101358.785844	
93712.417745	103478.926251	106802.160844	107331.674366	107569.203928	
107840.723376	112076.032280	115167.523617	116955.775666	118449.305594	
99537.426852	101260.845520	102388.856552	104013.582318	104916.435096	
89508.379728	97043.017448	99192.151495	101054.025539	101510.012223	
110434.643465	114417.891095	117069.024292	119191.972517	119907.835433	
106431.893284	109734.049633	110422.149268	111354.801794	112013.019966	
102297.332578	115467.145872	116857.157326	118574.327063	120411.076915	
99121.859763	100966.100674	102470.874537	103074.491384	103603.639219	
106253.841411	118358.205584	121647.682870	122285.807985	122853.183126	
106417.243487	106455.708258	106937.322032	107881.887369	107913.021220	
96155.554505	101712.548762	103772.816826	103981.870926	104197.913411	
95220.476798	101364.319853	101854.094098	105696.974068	106498.344283	
90295.261754	94415.177673	102303.486900	104757.842310	106002.266313	
109507.601005	115149.177698	116043.936765	118405.377604	120863.181207	
88796.503010	90226.418146	96973.588043	98064.495483	99336.431478	
93603.571068	94036.826577	105006.126115	105336.034617	106994.834967	
95748.925994	105341.877402	107428.399283	110307.573261	111680.220642	
97351.437314	100271.359322	103248.326881	105324.433564	105542.598888	
95703.808455	97353.913776	97552.275270	98172.759425	100487.170288	
111299.929547	112663.729850	116706.273289	117043.845721	117536.288780	
101540.917228	104749.254359	108339.086032	108556.990041	109341.774781	
92828.218541	92964.625006	104776.907861	104869.023694	107836.539004	
109160.271423	109435.026485	109935.799590	110306.818893	110438.655399	
92435.080096	98856.094145	105786.723599	105797.546008	106191.721032	
97310.635750	99673.248783	101687.812228	104855.606946	107214.932404	
93654.776720	94530.327748	95708.881725	96514.548143	97697.477754	
94962.809741	96665.912525	97454.874709	98353.005092	98471.515989	
107059.250496	108290.928367	110971.587101	112058.374469	112194.380690	
100342.597517	100800.799862	101542.731788	101766.001256	103299.395001	
77824.588574	98806.164780	100662.081484	101004.234043	101907.003804	
90732.864917	99275.018096	99293.350019	99354.381233	105016.270025	
100650.749037	102719.625610	103257.991226	105623.684960	105920.028378	
103102.886960	105322.889140	105735.839812	108542.968859	109905.650430	
112674.277605	113603.603180	114140.381245	114634.143473	115481.879726	
108501.334858	111820.561528	112442.946353	113645.320380	113958.900566	
118955.867107	119704.419826	119772.176650	119875.619440	120335.624989	
105817.471867	111030.413080	111445.317465	116473.950248	118484.011663	
97677.467819	101214.352028	101447.336672	103252.310286	103372.995459	
105315.434224	110282.141523	110385.199092	110923.132644	112131.535063	
100802.459481	106599.021019	106920.483714	109299.865771	110501.095174	
103449.518237	109379.202157	110237.718221	110852.411571	113474.760308	
107886.913282	112583.703886	112618.626291	113309.818209	115457.305564	
95527.904536	103320.966780	109521.448517	110223.787417	110555.639688	
98877.950968	112348.103515	112415.544375	113275.988008	113580.568466	
97796.292487	108355.441599	111223.816248	114579.996858	114624.783259	
105080.070643	105648.891154	110089.215021	111299.710914	114092.397978	
103210.208916	108435.648778	108789.195685	110050.150006	110440.396495	
104157.014016	106055.296558	106434.940305	107985.146207	109133.953445	
98562.072634	101627.774272	102025.603312	102504.304116	103394.798381	
101696.818130	104791.648221	104804.350105	107473.949016	108307.168721	
117582.131378	119698.714462	120729.837454	120734.535385	121617.258045	
95835.079350	99222.372265	99800.902012	101295.900154	105030.856203	
94578.655655	102972.345762	103613.734878	104469.919345	104979.421532	
99982.591125	100208.484158	103057.299407	104148.164640	104256.019217	
105613.103168	109658.195185	110035.491907	111624.426218	113926.385967	
99185.895484	100697.024679	104377.942300	107186.565629	108176.083742	
98670.073827	103348.802518	107197.880251	107992.257308	110071.407455	
95981.170337	96330.633707	100424.517900	102747.536579	102966.963737	
101880.347799	104945.374242	105204.240996	109403.825175	110449.118965	
94183.919169	107601.100926	108481.664953	108607.552556	108640.479274	
99815.151619	106531.765891	106846.453082	107495.110878	107975.010848	
101745.211347	102070.345013	102347.997218	104010.677298	104960.233090	
92557.486587	101051.556578	101063.550214	102337.403836	104029.141835	
92939.337935	95725.904929	97929.218633	101422.975066	102701.594903	
105899.597728	107381.471047	109255.890880	109296.085867	109876.458679	
105719.896455	107725.740898	110836.346593	111754.181259	114491.329194	
102055.659604	105834.875608	107747.521532	108882.314089	109200.302582	
109740.290063	112816.942168	113553.495105	113754.835095	114235.107907	
107939.946701	108612.886747	109277.588868	110006.635813	110181.860618	
96466.405120	100315.770960	103762.092773	104534.066162	106227.069334	
107979.745348	108965.455537	114969.665688	115018.917575	115440.481102	
102249.062275	113519.995046	115874.853850	117394.147752	117414.042891	
92345.290379	102821.561454	104755.197359	105812.553746	108106.211283	
98048.441162	104770.385439	105039.100351	105201.404097	106072.106285	
104093.152402	104712.351666	105408.974692	106308.721209	107165.283559	
92151.231180	99361.301615	100116.726722	100171.180143	101351.887857	
96297.043656	102165.318027	103579.213195	106456.728523	107295.424819	
104219.640117	106962.732827	109884.598686	110373.949957	110553.396740	
92858.201354	93997.018219	100088.358926	101984.985903	102115.471067	
98870.181672	99016.678269	99668.698891	100685.853586	101516.972784	
101193.844141	103835.636081	106813.480733	108068.431739	108857.495653	
99465.025959	101119.077337	103506.814160	105226.785182	107813.394540	
108800.398362	109976.930595	112030.029389	112685.589667	117287.537355	
103105.257971	107979.879105	109911.899390	109994.453571	112448.891334	
112417.334010	115872.331077	116781.178607	117117.530997	117321.380958	
91433.754619	107428.914118	108683.700720	109050.575068	109085.048232	
101074.300120	104118.334182	105883.181560	106313.786516	106388.265257	
98870.181672	100462.601354	100507.906222	100591.055782	101670.213113	
98897.060451	103959.885558	106091.490728	106531.765891	106957.640864	
91516.635256	95362.697804	101745.467720	104036.625415	106507.278542	
106678.490480	112489.849805	112901.460609	112967.636194	114519.057631	
103756.369205	107319.185449	108994.348491	109515.316587	110033.039114	
101904.241186	105852.332722	106754.888056	108957.159696	109580.657202	
107061.426923	108015.914755	114432.196230	115828.029053	117189.023739	
104281.065687	110351.800963	111066.199404	111798.879002	112026.486882	
92734.154434	108920.956224	110223.233721	110481.445404	111228.873290	
98618.882498	98764.337360	102423.425293	103054.476823	104811.403039	
99033.225615	101600.589833	106717.984135	108475.572194	108967.862635	
98579.860262	98618.529926	98625.928376	101446.709794	101755.445588	
88300.132525	95379.728885	97113.259361	97520.257488	97527.309527	
89044.362610	89824.017380	93654.246373	95509.092771	98471.869005	
98660.890448	106859.975778	110227.938445	110748.521380	111656.288446	
102784.255758	104097.952381	106224.252846	106259.067280	107052.397778	
115700.527758	116133.588272	118546.950953	118574.114400	119371.444475	
100599.900039	103518.490222	105586.098566	107214.905152	107710.779655	
95618.309919	100219.091564	101771.196167	102367.402351	104802.382209	
108566.392902	109269.279093	112062.013065	112178.290992	113225.148483	
103160.664188	104097.152122	104983.482825	106436.254065	107394.753689	
100661.447125	102523.337037	107631.784811	108194.658111	110281.416188	
96056.218747	108132.134316	108974.315050	110063.403101	111915.070588	
98725.937728	98853.304916	104520.342321	106981.063156	106989.720052	
104835.902277	109109.808717	109892.353556	110885.893559	113544.754700	
92151.350607	99763.124827	102162.852574	105780.844488	105895.925996	
90384.612093	94706.598801	100295.295120	103276.692297	104948.646025	
97452.214565	99970.322828	100581.209243	100940.350713	103259.019210	
100648.132836	106476.493468	108882.462306	109104.997180	109343.684218	
94210.732035	98605.244312	101314.473215	103348.570021	103460.399159	
97554.770672	101150.447444	101442.014053	102749.079632	102840.366824	
106230.859035	106284.044738	107757.551935	109355.895859	109669.353793	
102986.969281	104734.446349	105702.175426	108215.739732	110269.312376	
99002.735438	100658.601472	105584.322704	105761.833625	106007.363526	
102158.545329	105965.351543	109559.823697	111530.206311	113143.078364	
100303.521052	100336.289941	103472.115028	103944.758936	104356.958170	
97461.279793	104526.148763	104629.811727	104687.659490	105200.461907	
98958.546063	103634.240088	103652.305300	103657.550606	103920.942896	
102464.818424	107424.074303	110229.628574	112054.930385	112230.953197	
102870.794853	104332.050506	105804.430727	106548.160184	106916.484590	
99545.632596	101650.908392	103659.913611	106249.837303	106273.271821	
96732.143686	104068.785947	105122.350205	105231.235230	105712.794150	
100556.538438	104105.712521	109265.416263	111809.596761	113730.112326	
85647.280545	93359.317199	99260.903820	103897.185486	103950.994301	
101030.844981	101987.197685	104462.072097	106110.016282	106132.838774	
98128.115732	105803.777563	107668.854904	108126.934539	108677.682100	
88967.466516	97113.048014	101113.467425	101573.541259	103473.132475	
119082.075778	123741.855915	124207.899252	124458.012629	125121.868682	
110891.176203	112455.527010	114218.997138	115381.926567	115756.660689	
91057.426264	93873.113101	95913.546960	99579.100534	100196.158508	
108699.465268	110094.739596	113222.810197	114664.226882	115552.328839	
104067.112602	108095.109388	109109.963956	110352.609836	110797.306715	
89317.165098	98034.141762	99675.333219	100779.738487	102266.641064	
87005.110209	111700.720273	112725.658372	113085.589570	115088.534801	
98771.301854	102830.596302	103106.153237	103444.752297	104790.134744	
109096.670735	109809.561113	111524.002317	113614.355994	113729.334431	
93771.249606	101302.315873	102170.903591	103849.753167	106817.721264	
101762.144092	103178.672252	105007.506807	105366.069921	106332.373088	
75093.463574	88647.377553	90157.562512	93522.170168	96461.382448	
105017.429059	108269.846528	109759.886493	110637.820296	111213.272856	
106827.271085	108461.616543	108518.092244	109917.173659	110722.147901	
88417.074292	102383.834244	103759.583645	106072.493611	107058.613203	
96606.839586	97429.599611	99620.449609	105253.363136	105692.308323	
108266.124456	108422.834460	111322.310067	112911.513945	113331.808132	
87612.192984	98964.385939	99284.278456	100246.556081	100731.399731	
104703.458352	106284.560453	107786.755105	110492.294448	110581.475186	
94156.936795	102621.382142	104926.282286	106582.778964	107597.137172	
100832.839865	100922.787714	109024.914846	110240.279726	110682.328865	
100505.561656	109378.905404	109679.343140	109914.326442	111241.608126	
79367.564801	90295.261754	90599.364845	105332.476537	105384.043169	
98112.174054	102713.347436	103708.146001	105136.708235	106194.607628	
94970.163439	106302.257224	106858.523177	111290.204058	111465.454718	
119433.958564	125382.616131	130516.497470	131572.120750	133265.625109	
107555.127964	107637.453844	107878.340077	108564.276431	108591.888312	
100420.125039	105032.685040	106066.579442	106467.238151	107906.358074	
97532.805508	98768.792141	101998.626627	104765.588753	105027.126046	
95288.084955	98101.464810	99632.034436	104087.477204	104477.196323	
104258.966699	107072.247656	109867.925164	109895.363255	109925.191397	
90694.273750	105312.064639	110966.803285	110993.834188	112126.160689	
112605.402738	113969.958413	114663.850677	115533.814119	117493.490775	
99511.899392	103005.900430	104189.760215	104273.603565	106131.066148	
98203.334659	103013.721118	106159.269800	106658.194165	107544.599353	
90157.562512	100652.670072	101715.764759	104242.267597	104660.835102	
95804.828529	97368.582780	102537.567503	104228.238051	105815.352763	
98262.233684	99888.508707	101441.171447	103338.030905	103546.094858	
100026.069949	109241.184064	112640.270571	113258.251005	113890.002328	
99756.577264	103067.849311	103771.297265	106025.244551	106947.473399	
90959.257915	102971.588976	105339.885557	108422.814331	108598.049856	
89634.719236	97813.887388	101622.538634	101880.253258	102899.403432	
76886.526238	103337.182138	103339.878412	105437.924814	105651.700646	
107262.935731	110218.895248	111290.731839	111618.613018	111970.940488	
88601.246759	94284.895457	96112.130016	96376.561313	98908.308242	
98798.890333	103133.020625	104323.591450	106792.990329	108342.536483	
95388.212078	98922.477981	99302.258045	100308.165423	103477.472938	
98061.040643	98471.084542	99372.215112	99918.456502	101337.933574	
98697.252865	100672.342385	101382.456358	101470.002563	101939.458722	
101163.793872	102365.124420	102703.529839	104093.152402	104144.441017	
97070.448697	99109.612104	99926.557966	100591.452363	102091.149165	
97420.489423	99245.639548	102229.414512	102714.614167	105855.830176	
96168.412805	100171.291764	101050.250163	106662.124294	108750.923839	
99370.123606	100970.618806	103916.757871	103932.726407	104656.868386	
92615.414370	93576.238742	95668.688240	95891.680389	97216.101608	
94625.844999	98810.907676	112927.995612	118135.633964	118853.255976	
96769.243705	96883.652414	99202.627627	100419.023926	101202.485190	
95031.801970	95603.183265	96234.480820	96234.967151	97925.865505	
103406.772263	103952.121406	104804.667017	104927.902682	106550.780098	
105457.257824	106771.598213	107499.935882	107882.463824	109838.943279	
91526.272917	99590.489071	103371.360850	105507.691788	106513.240505	
101939.749425	103041.163398	103530.828567	104048.819680	104775.069013	
93891.856205	96147.283737	102375.893063	103194.314486	104652.676956	
81672.228006	94706.725325	100792.726835	105047.491882	106172.681842	
106952.487046	110023.440130	117063.449405	117134.794567	117671.922701	
104588.770603	106268.730326	108215.043063	108819.384947	111093.392881	
109569.466918	110417.451339	112667.547356	116572.471619	116948.179425	
108766.974569	110031.851724	110234.931754	111437.325552	111515.575220	
94709.862352	97838.564199	102622.533707	102845.456285	103939.658353	
102954.009774	103688.782285	107592.658674	108564.546843	108690.006375	
95898.978857	101028.625401	103031.774880	112004.051345	112845.847427	
100752.097769	101047.643844	103765.891440	103871.047593	107552.776405	
100930.700139	105113.013410	106387.424820	106427.748289	107192.480772	
94243.622719	95819.303380	97800.804277	100697.051443	103701.940520	
96521.694750	100270.333866	100485.377584	101713.096575	101921.970429	
98893.904169	101666.739666	105560.168610	107095.591689	107331.853797	
88644.524181	92665.034152	96554.595225	98829.858904	99928.391564	
103762.281964	105897.239156	105965.135339	106208.031296	106742.238676	
93994.176006	101658.141949	104692.540966	106026.523424	108247.504587	
102230.015840	105006.534830	107564.782504	108976.916455	110965.586948	
98665.744384	100523.276456	104795.396840	104988.850574	105553.371650	
106639.315334	108466.690557	110199.370180	115522.949215	118008.091127	
115170.184637	115290.267144	117270.905062	118224.518506	118452.740245	
95382.313116	96168.044405	105256.156097	106070.228818	111404.737971	
102794.855495	104379.911204	106474.643098	107213.524973	107733.118461	
94090.488430	102021.377650	104445.559541	106534.161970	106825.823507	
93881.572070	94063.498544	97402.485558	98928.826870	99800.393057	
94198.926153	100020.939061	103892.164336	105649.473060	107748.728065	
87832.436946	108679.791092	109888.728916	112963.231232	112994.815383	
81326.865499	91006.941044	93882.962172	94652.089045	95565.534195	
94760.929669	100576.667832	106522.726014	106812.222808	107537.638008	
113940.658205	117217.890755	118798.275610	119512.160785	123383.687414	
99193.878220	103482.359827	107307.312808	107803.420989	107906.282812	
101330.991333	104421.838160	109688.096289	112417.722815	112875.043598	
107576.151307	110042.984055	110321.558649	110824.480862	114508.677906	
104232.236548	106742.262756	110429.538723	110446.389226	112015.554698	
93929.099137	98254.923961	98471.306631	99877.596959	99894.166410	
107654.865160	114758.187557	115170.217167	118375.169587	119535.247146	
101700.931703	104705.400973	110335.401179	110987.811730	111827.405894	
103004.454842	106610.875055	107837.960109	109116.625531	111296.423067	
105566.753163	108069.293153	109482.461513	109614.442289	115659.119624	
101519.681505	105345.671585	106408.161493	107968.840056	108773.479324	
91339.012617	100390.685558	105583.967030	106066.240714	106582.690260	
92953.258104	95100.189290	99201.645643	101972.097126	105284.003700	
89357.245136	94184.152636	96621.181447	99704.773081	100989.087642	
94221.606662	100065.503748	100069.784881	102026.941185	102961.584571	
103308.508381	103659.913611	103866.457543	105692.176095	107743.396087	
105999.419650	109992.907896	110528.415572	110964.352681	111867.563729	
96058.694922	97176.663323	97808.290801	99074.600150	99734.975807	
101754.745654	105323.543381	106972.119394	113550.084086	114054.343014	
93619.619704	99474.080418	102436.879969	102842.927280	105573.282955	
99790.045487	105449.098484	106140.102951	108411.328540	109538.634415	
101741.250750	102049.855088	103061.749180	104473.064018	105255.865629	
98291.509137	99407.103608	101433.556385	101690.134128	103357.923825	
104476.173999	106372.554086	106556.744061	108774.361453	109439.836950	
87115.818578	87375.748760	92693.582456	99826.092850	102150.454808	
94361.495485	107954.386301	109398.706543	110462.406511	113190.024512	
102258.634503	109708.572432	109798.490599	110593.791754	111636.425467	
107758.242073	108871.285297	111576.764224	113453.406100	115126.260788	
97008.608545	99800.944432	100951.338945	105327.626081	105728.723280	
93950.266629	94467.768759	95693.063787	96938.166176	98246.938066	
109814.669390	111463.176086	111670.969196	111677.379577	112530.234058	
105030.951958	108631.519537	110332.603579	111127.644169	113050.610204	
99812.202178	100969.107678	105827.760264	106927.991652	108684.374584	
97625.856083	106227.438780	107429.774452	107609.589225	111377.680367	
93604.593213	95622.729227	103856.316217	106707.403875	106819.551358	
109358.787912	110402.155213	111330.312142	115088.765187	117269.474438	
96456.207187	99272.496625	103911.974614	105167.017381	105837.607201	
98381.701319	103176.755833	103204.407891	103379.251455	103768.170668	
108425.550100	113161.696384	116717.656757	116720.525898	118312.094019	
84313.308978	92446.471983	101493.738653	104612.965768	105772.186228	
111790.957329	113142.034723	114490.884541	115068.992143	116918.364254	
98288.160603	101760.421417	104209.458409	104991.784643	105608.777419	
100283.314869	113183.160759	113618.343228	114177.448631	115889.013431	
107496.785733	113695.404903	116117.083361	116307.650342	118624.548887	
98277.269660	102020.379278	103194.424249	103392.519440	103396.824489	
97003.591570	98599.977978	100198.276324	100246.556081	101734.901549	
110381.290148	113246.328946	115347.052397	115803.600946	116013.407109	
108951.795670	112069.552015	114204.270797	116008.108056	116142.549869	
102521.503981	103020.887568	103253.575120	105988.924493	106935.207825	
96147.147479	102816.417981	102998.862470	104419.679947	107464.445389	
105738.337958	107033.322547	111053.371376	112423.893779	112448.891334	
102424.870782	104465.907557	104822.757861	105909.561020	106018.417244	
93706.593625	108074.581399	110893.906659	114323.961042	118328.970251	
99762.625662	104812.118665	108476.917200	110273.196239	110618.825231	
99751.686122	100805.293921	103557.704369	103783.612862	104134.301425	
102807.009120	103990.318237	104616.432732	105238.688527	106151.333660	
99609.566736	104885.023599	106334.805336	106898.376916	106977.536509	
100510.667626	118262.922503	119221.864616	120030.222931	120491.658697	
106720.707651	110811.358327	112520.560735	113155.931327	113343.236512	
104062.274679	110113.513137	110651.896084	111251.670562	111577.116586	
104812.459914	105028.387558	105804.814726	106893.502954	108294.327313	
103390.232317	103694.420666	104996.248405	106875.275819	109249.249497	
97388.461495	101932.228260	102071.136612	102189.906918	102247.138516	
82905.657991	99830.436425	100147.279602	100612.334872	103190.153738	
96170.289050	111663.445835	112883.079699	114058.263762	115026.829277	
95013.082886	98253.909646	101190.625616	105020.863051	105650.976121	
95949.889106	100984.317166	103091.478907	107158.349899	107678.243631	
109642.978093	111124.461554	111664.372570	116250.068839	116314.297529	
106129.321337	108049.818509	108551.524169	108732.986490	111677.341167	
86672.091176	102628.564634	103111.096378	103146.153925	103643.660717	
79766.764354	87596.156817	91848.778119	94488.317440	95263.164035	
111013.013893	111438.779716	111481.721999	111583.455122	111689.770692	
103733.327672	105259.476969	108296.116985	111644.953813	111754.629920	
98254.923961	105202.884145	105323.578619	108629.652037	109023.153555	
90806.335717	93164.680315	95572.456792	100520.592821	100963.665033	
104205.439361	104862.388661	105113.654187	112434.728919	113841.896462	
102710.046067	107348.949172	117276.885416	119121.748270	119781.915120	
108080.183664	112703.704534	119458.771358	123400.955055	124283.198402	
102089.685645	104060.932113	104329.147639	104497.917017	105894.999065	
100143.532598	101441.171447	101664.635053	101896.597055	104481.398630	
105097.895956	106148.512350	107239.624642	108325.396166	110424.188301	
95787.354816	104996.119994	107521.590430	109998.743533	110452.769187	
94403.703372	96118.223302	96185.219497	98893.904169	100207.377436	
100372.953446	101100.724892	102048.636511	103371.281300	104538.198959	
101362.342471	110879.100988	112106.339817	115197.369901	115813.734366	
95565.660169	100500.968642	105019.697653	105617.706010	105884.877140	
83374.618327	94328.739627	97382.781121	98304.167470	99886.985544	
101515.816399	104153.608057	109170.735843	109386.770524	110473.534036	
104196.735480	104835.707901	106485.167555	106934.358790	107164.095302	
97707.568924	98889.579515	99113.101874	99795.589887	100868.001442	
99703.495731	104047.376329	106016.793061	106152.230889	106872.842444	
111668.342018	111834.563926	112469.211606	112631.574042	114661.442737	
80144.858878	94823.681977	98319.767316	98736.875904	100147.870790	
98126.067486	98865.531408	102727.573560	103732.398916	104851.605652	
90643.405767	98527.604360	98538.188039	99757.677929	100407.279322	
97559.326840	97733.599138	100735.922915	101405.470491	102977.337917	
101362.373942	101856.220121	102313.885030	104935.576976	105910.223422	
105567.368968	109005.862153	111180.014112	113240.699522	115398.007454	
117720.970581	118375.905224	119291.568592	120371.494311	122398.531463	
99595.373461	102929.703168	102936.578967	103722.237278	107565.315310	
90759.172338	92659.650722	101873.463578	105357.448812	105702.068885	
99138.779799	100517.857063	103570.738331	103593.372190	104241.959590	
105234.947779	106585.561257	107056.211480	108076.864690	108903.188001	
102410.108788	104518.709668	104964.530623	105256.329673	106146.260705	
102559.280796	103485.334144	105721.301679	106061.369307	106961.837300	
96519.922334	107957.818745	108464.937024	109248.027724	109386.604204	
95901.125722	100580.629217	101587.811835	104170.385583	104606.696927	
93545.472565	100020.371912	101030.999005	103729.570777	104229.380975	
96907.459955	97210.877192	97377.226392	97548.999385	97661.653822	
100522.783767	100720.044357	101487.125508	107446.271389	108092.018581	
110824.524793	117203.021799	117404.809360	118183.816654	118534.872460	
96940.444351	99075.616199	102112.451448	104449.374708	105315.874473	
94880.752903	94920.515352	95398.224918	97190.453669	99948.188775	
96132.249161	100719.485609	102679.769495	103302.016439	104357.472741	
100849.258790	100891.473095	104797.130814	105194.065826	105942.796141	
97016.437228	98484.740017	102064.961219	102417.336141	104010.677298	
104025.943965	104634.675164	107671.657684	109282.202521	111771.917366	
104913.531659	106527.841146	107936.310790	107978.821498	108849.918731	
108638.708503	112123.911559	112389.060823	113391.478812	114828.452072	
97054.072073	98776.459991	100275.577539	100724.081121	103483.412889	
86737.231275	94549.292359	95586.543951	97861.720705	98682.208566	
101351.887857	105331.668280	105506.598189	106815.748635	107049.486115	
99053.424482	108366.734606	108904.581292	111569.948627	111947.302356	
106099.580981	112218.619948	112745.394759	112803.373974	112820.084761	
91248.649387	93701.063789	95436.252033	95646.099766	99330.184048	
104133.891382	106285.958760	106356.613828	106566.335029	107922.805521	
87418.255827	94145.231385	95045.360571	96880.661513	98981.231149	
96601.850027	97425.260378	100130.698659	101024.380273	103243.014925	
108926.400737	112745.166782	112826.257826	116241.275307	116557.765580	
101808.713360	107718.292437	108432.862398	110010.843339	111507.911853	
107369.987476	109451.244752	111716.919424	112089.308379	113146.854667	
106023.852660	110614.020413	111052.473242	111432.593583	111865.246911	
108066.368362	114761.289036	118611.921007	119562.989795	122057.543567	
109509.619704	111614.907920	115273.932613	117157.915049	118094.781815	
94478.622692	103049.074311	106588.087322	107318.462229	107872.350117	
93237.670815	93590.175919	96675.519062	97000.509272	97654.817893	
102578.491326	112954.005997	115892.963399	117810.225078	117847.166208	
89973.574340	94841.384628	99744.455971	101399.015841	101891.147079	
105584.803196	111217.817116	113965.389010	115141.889298	115859.146673	
104027.863929	105410.765575	106166.723096	106873.957500	108095.118939	
104044.858115	104603.171001	105639.054205	106442.991750	106903.125532	
101807.363572	114334.194018	115592.325608	117486.543710	117880.141479	
101668.936217	106380.983013	109564.722725	110374.300688	111133.577378	
94639.441876	95576.116392	95671.501318	95738.481103	96684.285041	
91900.156478	102707.377917	104117.210174	105309.104659	106684.774985	
88771.133118	92071.474266	95808.108773	99813.953439	101555.987928	
99558.267392	100476.684087	102716.830433	105003.587823	107419.055553	
98376.157751	99234.747996	101447.120801	102595.603774	102641.721283	
108931.963749	110273.338040	111192.592661	112367.531826	113007.587071	
87554.403936	103799.045089	104447.388878	104649.483007	106634.899434	
102021.686237	102529.293198	107748.152346	108934.926019	109850.459979	
106722.648011	107981.096643	113309.385483	113593.837010	115045.193040	
88294.983822	89354.798289	96109.475666	97876.862677	98416.162442	
116249.116242	116807.115550	117873.382517	122115.938345	123458.762129	
111023.309833	111313.126361	112090.140112	112183.837243	113774.012114	
103433.845188	107202.190670	109242.727949	110005.092153	110469.222411	
88139.241166	97387.604549	101672.130925	103262.638650	103408.944592	
102163.791763	102940.844848	104090.501070	105687.945809	106408.814399	
80107.424792	102784.679086	105200.450229	106652.084485	109298.624788	
94538.889258	113029.952734	113139.297200	113469.812003	115073.480602	
106788.816106	108423.507528	110627.665112	110669.903527	111076.394221	
95487.676955	98864.843887	100749.531349	102614.211549	103944.826538	
85655.013385	98496.674154	100277.841862	102954.015466	103967.805661	
111403.607215	116130.560644	116678.733224	117115.479989	117459.031880	
99098.623193	104811.298471	105183.976108	107304.254575	107312.598424	
101234.550320	103237.007370	104908.432868	109258.166872	109655.453904	
99404.987457	109440.564769	112949.434444	116061.649902	116131.383712	
95632.537119	97189.667371	102067.707150	102150.587613	102782.354032	
105677.766015	113583.217729	113974.620120	115761.327708	116632.631129	
92569.764075	100034.580426	101055.053043	102240.441084	102280.952386	
100549.566186	103652.067327	105317.759074	105367.008928	106305.693649	
111398.280285	115154.211076	115518.035434	116828.901458	117067.315876	
100912.693743	101989.020880	103841.724877	108846.282178	109510.231801	
93576.238742	97877.875138	99961.664933	103091.793113	105339.431385	
95618.272285	99018.021966	99130.231557	104656.305634	105767.562422	
103415.696860	103566.276868	104804.986245	105797.885836	106654.718944	
103326.652942	103842.992863	107404.981025	108684.032655	108855.291176	
96764.804958	98760.699275	101091.837230	103624.082046	104728.581130	
103303.698456	106963.908257	107252.394262	111061.746871	112279.621983	
103263.408130	106152.351070	106821.273063	108747.724075	109581.012817	
99636.602593	102103.850193	103232.271261	105645.551337	106074.242126	
96185.219497	97790.980861	100689.618827	103224.076002	103381.736219	
103892.299725	106784.017651	108657.309838	109337.493942	110016.760701	
99730.712373	104944.987563	112724.088305	115095.207282	116073.682432	
98136.078965	101440.872575	101593.507870	103067.849525	103997.993491	
109898.850365	110040.127940	110841.552333	111279.573620	111416.603807	
100980.918597	104755.507510	107020.052798	108626.784231	112233.751334	
96164.418718	96824.183412	99578.432164	101466.062361	101874.118160	
108263.477324	111375.508682	113358.848766	113853.794652	113945.750691	
105544.725170	105645.574473	108948.017151	109476.805064	109794.068762	
108825.412834	109528.515013	110056.416173	110736.545923	111083.084344	
101155.449100	106163.432322	106580.665908	108657.904514	111667.749580	
100926.707566	102013.411911	102951.874284	104900.014434	104976.301750	
110379.307692	111757.481312	113081.544765	114844.845480	114994.478248	
96742.248016	100672.371042	102551.527823	104566.086847	104594.766588	
95458.930336	102225.555473	105090.733680	108208.153167	108798.587843	
104962.087236	106423.019917	113379.762176	113411.388954	113597.836627	
93465.110713	97723.424282	100813.606166	101008.207578	103165.757683	
95801.843099	97690.968289	99218.829650	101087.371928	102939.578999	
98164.533631	98333.626223	98614.063889	98729.759049	100083.850405	
102011.816566	110105.548990	111350.273576	112036.416110	113753.724350	
107698.690448	116255.489883	118089.540483	118163.728252	121707.330358	
94534.686770	96742.940797	97484.721875	99161.940379	102090.692780	
110587.579061	111271.668575	115499.925737	115633.987257	117269.309972	
102784.431198	104537.586252	106655.392262	107983.850368	108945.974216	
103941.103675	104274.342386	104437.127556	106414.567861	106604.165525	
86763.403076	95228.562251	95445.852115	99591.313184	99940.730203	
106160.688352	106260.856336	108671.792320	108801.913307	109840.235132	
85247.265958	91222.742909	93107.157707	95797.968234	96062.222726	
91539.607880	107689.504874	113266.037189	115155.572634	115811.844626	
98636.721629	107821.185724	108005.225565	108370.697456	108717.646457	
106896.762412	108298.566583	108539.194503	111606.750005	111669.028811	
90766.726761	102689.542507	113729.031882	118322.248980	120106.304384	
96909.091626	101500.365059	101823.955184	101919.434043	102421.105024	
102999.225100	107136.966524	108849.866388	111939.437625	113037.000442	
99637.568872	102711.619157	103199.806123	105083.838356	105804.449632	
106401.548675	106431.524104	107798.742980	108907.296855	109009.887437	
101635.458819	104851.725852	105260.201066	109031.711816	114430.076908	
93731.423399	102609.355209	104129.191929	105508.004067	105886.892420	
100820.204288	104956.173321	112757.508565	115048.798974	117041.442440	
104575.464319	107286.473210	111708.458402	113138.338014	114177.522538	
101988.299042	102147.756788	103846.376919	105006.912796	108739.265640	
99843.979558	101390.926683	103908.759287	106595.858275	108366.582409	
104280.919869	105199.940332	105424.402024	105432.807842	106512.548359	
98397.434899	101979.033178	102796.134798	102935.609536	103026.943809	
102201.943855	102741.019733	103677.992492	108398.588430	109327.993372	
100711.280035	103257.053264	104263.572378	105437.441974	105584.605458	
88381.720104	105624.410661	107054.075697	108904.479945	108953.560720	
95840.429677	105702.943461	109408.879205	110698.027151	111828.031232	
103923.132730	108556.249732	111726.376275	112394.769057	112529.372981	
96810.007715	97132.695126	98757.840483	100144.045916	102332.565752	
95267.975785	99849.969073	101317.258388	102409.323654	102536.276202	
92756.781351	105961.980689	107407.812279	107522.788248	109844.561337	
91746.689216	98951.637484	99385.399898	100890.233106	102564.902970	
100772.480869	103544.845591	105568.285806	105848.714306	105901.797544	
89028.878504	93969.734616	94391.831062	99407.103608	100834.413228	
95342.058959	101963.602155	104431.820559	105158.355467	106757.748709	
105819.082354	112343.608370	115493.330851	119396.944257	119696.232207	
102150.535689	104204.138851	104941.933633	106451.218300	106936.420787	
110645.747591	112069.567363	112946.258608	113554.582602	115167.888022	
101416.794997	104951.563389	105605.718171	106843.651238	107848.645138	
101312.519448	105098.814777	105684.845003	109023.747145	110371.943146	
112811.857132	118539.319957	118862.181043	119372.236180	120906.589979	
103061.651947	105186.372393	107677.766570	109139.735361	111420.226668	
109246.391220	114839.089645	118590.636178	119738.945113	120352.047858	
99088.344630	106456.680232	106559.222088	107043.062094	107574.186427	
110306.409946	112752.811607	114182.058378	115111.803873	116230.297236	
103244.809791	104347.448350	106212.717356	106607.605618	108022.837222	
118409.147539	123138.895668	123567.921101	124648.111878	125819.124574	
86722.860756	97936.126771	102023.498398	103102.303509	106014.346539	
94511.994773	101221.179376	104439.398350	105343.574522	107377.686031	
96914.179637	101754.745654	103367.047844	104425.295817	104514.790618	
104586.269890	108202.066955	108567.209425	108792.295506	112442.419340	
107596.310396	107654.865160	107977.769838	108232.499709	108329.117747	
88792.683795	91106.610381	92395.549677	97399.938981	97440.336435	
106164.397894	106487.542281	109849.216787	110393.934817	111376.320845	
103119.514369	105186.448321	109039.135898	109229.522896	111091.326541	
90958.747757	95250.827476	101332.427195	101695.163745	102953.627427	
95189.011515	98183.404394	104523.052093	105591.842199	106602.164289	
93471.769118	96078.132246	97574.153601	99908.454936	100282.350812	
94610.732000	100021.251866	105735.898449	106083.034143	106201.912157	
98839.813640	99395.188583	101105.775186	102117.317907	102217.686013	
100205.885020	103514.473902	104031.104964	106270.405001	106801.115680	
94338.712538	94807.280790	104477.196323	106374.373428	106469.998131	
100130.476999	100319.653868	101172.454984	102353.750066	102467.395777	
90973.268967	99643.135044	99845.139395	100152.011514	100508.006192	
103029.955023	104309.768338	105045.556998	106283.977756	107831.010472	
102545.844217	102781.166359	103097.509262	104681.922225	105906.644489	
100628.206244	109072.083038	112991.185216	113541.151432	114319.727613	
87874.897197	106475.101949	111493.263208	111528.402137	112414.250783	
93684.441671	93749.764319	96032.769391	96545.708419	98686.302188	
115151.111740	115640.442418	118630.732309	120829.987566	120873.193983	
89862.847179	109476.758029	109842.629447	109879.107179	110352.499882	
97793.206949	99663.727939	99696.303115	102409.268510	102527.516960	
