93190.610940	100986.504242	102055.906577	102922.495615	106440.549219	
111564.262246	111953.201871	112156.667617	112772.046975	113792.176669	
98148.254029	104141.958294	106028.344400	107897.566446	108679.744406	
87353.828267	89295.985986	94750.971287	96306.939972	97160.548503	
107095.948959	107166.267102	108872.972007	109220.434359	110871.948902	
108385.479744	109465.298255	111259.270126	111746.213239	113301.412608	
103322.895061	104652.739023	105441.250429	107030.033417	107661.111883	
100484.187693	108659.642370	109687.930032	109830.359839	110736.290010	
103703.245864	104228.702000	108228.393012	110818.427553	110819.092720	
88458.000842	95083.076187	97287.154670	99009.531638	101150.447444	
99226.208712	107109.825095	107458.279368	108285.746243	110141.371966	
102001.354800	104648.748672	104880.373862	105188.662563	105794.711836	
87825.982726	89564.357361	98975.049247	100026.976669	102274.400268	
102538.558246	111670.241651	112886.895035	114505.201125	116252.606207	
98827.606450	105057.466313	105935.645668	106439.023579	107048.565390	
101895.796551	102805.037182	109735.249535	110867.955311	111107.480924	
99426.254544	100408.856980	101747.358811	103702.460680	104462.266495	
96313.546335	98438.329225	101087.946199	102348.271540	104658.042816	
79550.635347	98633.943068	100985.744238	103413.595955	103664.738614	
97723.195800	109229.818150	111588.686550	112574.096765	113546.232485	
103114.772919	104098.644902	106207.870151	107133.882253	107196.238669	
92884.660119	99866.627138	101405.858943	102047.207936	103192.285694	
96428.906234	97296.282410	99729.386491	99805.516212	100021.888086	
97278.658470	98482.486456	100003.427873	103847.607578	104381.516412	
96794.429533	99125.126950	100299.064153	104978.971698	106401.233297	
94875.321266	101980.873369	103073.358440	103412.580267	105369.386357	
96949.479296	99653.127169	99835.421586	101878.518071	103454.235450	
100576.326090	101647.952418	102922.325890	104752.933650	105385.670393	
95178.853981	101478.296292	103453.971168	103454.342067	103622.454904	
92764.531742	96305.034935	98043.993113	98570.460979	101741.485939	
92795.312332	95971.304387	98502.559316	98826.174383	99769.955933	
98248.663740	103402.529392	106155.688326	108418.841514	108808.334154	
114591.609401	115254.279159	115859.089644	117541.807322	117620.337794	
97970.798329	100814.132636	101776.179806	102890.758580	105443.606845	
89953.438236	102097.952199	104116.704445	104288.462866	104522.641280	
102430.741261	104543.109530	105063.861023	105432.444717	105486.932398	
118401.141208	118917.520421	119815.398499	120376.756287	120670.099075	
109067.834755	110288.952427	112458.821022	113137.436314	113324.191596	
96264.483566	97823.767121	103059.897421	104116.664903	104821.783860	
84760.352638	100525.687429	100742.583057	101821.780397	103393.095276	
101460.997884	111289.270963	111319.050988	113514.826020	114071.091057	
104379.566405	106100.265918	108233.765950	108354.460195	111100.140421	
98203.565728	101168.392100	101979.113917	103540.321394	106231.582439	
120222.339730	125491.201852	129952.010084	130255.141188	130381.330019	
113624.172241	113718.081454	114021.267384	115410.985731	115640.356231	
103058.362041	103306.110333	103429.260907	103664.234656	104213.234991	
101327.541022	101460.755943	103144.469475	104026.741786	104595.124423	
117147.714248	118157.770388	119458.561524	121522.428709	122125.809978	
93388.800406	98749.318506	100542.006781	101004.951922	101068.388477	
114799.640250	115149.307871	115553.825077	116560.880744	119095.071355	
87846.405827	103832.192348	103940.824009	103942.715115	104082.335753	
100532.206314	103753.127249	110720.122127	112462.022926	113402.498858	
109597.209867	112538.592419	112624.044040	114172.129059	114906.789303	
96067.203326	103795.719262	105107.208157	107542.030499	108311.114876	
100697.024679	103793.878069	104028.941997	104166.343757	107059.567513	
105644.209816	106120.372493	110300.933523	110478.497155	113358.106322	
101929.175234	106000.481691	106198.515666	109682.771201	109894.134300	
97577.023489	99349.831843	100622.795639	103115.695404	105497.115201	
93112.287216	104927.639017	105507.414339	105673.646150	108385.451864	
85546.989797	97839.242380	101399.201800	103192.802090	103667.836016	
87375.748760	95737.410670	96908.468083	100841.962140	101185.574556	
94559.045182	94786.339231	95886.468322	98017.689100	99732.034762	
96607.833054	101609.871440	104607.112181	107063.287507	108415.285922	
96018.860536	97284.802088	102479.369861	103557.255960	104915.075265	
101694.986813	106819.531945	107849.773573	108558.942753	109107.106274	
97252.199818	104936.851574	109237.572522	111476.928807	112525.264788	
102047.207936	107199.595959	108139.629246	108488.463752	110358.064807	
105275.329037	105612.542752	109448.908960	109898.264415	111331.103276	
97224.380597	97281.845255	98244.824553	99203.730604	99776.701610	
95035.030277	101008.580841	101312.461674	101843.496645	105163.849681	
99669.783607	101256.260731	102078.142799	103442.520166	103768.300003	
91059.589868	103864.266143	105055.987039	106052.883280	108291.310860	
100363.478181	103179.640528	106698.139034	110651.349546	110673.166014	
105266.550871	108856.561883	109240.827959	112834.239937	113210.482827	
116592.351692	119004.344030	119198.679662	119683.105746	122068.959074	
86452.396635	95189.011515	97845.769677	99396.710229	99659.634153	
103115.275387	103674.736775	106725.456243	107028.620462	107200.031874	
92791.298094	103810.240894	103919.497265	104066.773597	104911.123411	
97629.229095	100688.424016	101448.505766	102385.795122	103155.553413	
109778.240334	109855.863534	110589.000662	112493.496832	112602.436480	
107591.286492	114677.829178	119558.905040	119787.595098	119810.912578	
87765.590755	93160.527318	97726.283586	100242.251186	102069.432020	
99795.346016	104381.890236	107912.243388	108268.650972	109500.133635	
104745.782965	104749.388213	107589.716340	107735.673697	109057.662939	
110415.842899	113174.816763	116093.164073	116594.967955	116863.222489	
98688.935920	99850.309015	100937.184739	101146.404422	101536.249142	
92044.089483	97837.924469	99598.189327	99919.183480	105687.305780	
98326.927537	106487.570555	109362.134162	110267.784035	110435.932546	
93302.423669	100002.000626	101658.044510	102940.844848	106361.744014	
107525.354779	110904.328641	112223.433056	114706.627030	117448.751668	
93997.018219	95104.488329	96535.151746	101220.343799	103472.671691	
100598.414701	101908.811459	105415.999699	106080.665114	108886.919860	
104925.908737	112163.467190	115515.309954	116085.966489	116358.006555	
98234.732718	101844.103493	104614.804519	105625.466088	110651.349546	
105568.285806	108435.376481	109547.254950	112928.041193	113994.810166	
99480.023501	107950.717282	109632.686261	111491.417236	111790.653472	
95786.723038	96031.459137	98793.556793	99380.760356	101493.208422	
100833.362835	103738.622794	106060.225692	106691.689938	107327.765225	
107010.682701	107575.404619	108055.551436	108615.783866	108654.538262	
98371.217882	105368.021940	108836.393157	110068.438714	110260.457756	
82899.157419	98369.776443	101481.100342	102416.546319	103400.530698	
95982.719608	103514.295484	106592.998981	108563.192797	109892.831999	
100684.763391	102762.222989	103252.286493	104499.760035	105913.783228	
96129.741382	96519.922334	96734.959807	100722.047229	101665.384339	
96498.914648	105208.294436	106434.396904	106668.653002	107358.916492	
110713.156130	111311.331340	112204.158934	112235.014508	112592.307931	
101242.193055	103767.003409	104406.235912	105952.985869	107274.792301	
103353.744912	106981.904635	111742.089842	112064.461871	113030.512427	
97239.128782	100774.028829	101384.842110	102928.375501	103319.506927	
102099.854106	103926.101847	107986.519616	108086.368471	114179.503441	
102614.707025	105313.184969	105482.562014	109257.976677	109683.163541	
96632.012658	98602.783488	100777.106150	101925.476359	103774.120123	
104982.604784	107116.706772	111810.952980	112816.687236	113138.375911	
94401.418532	98115.556421	98670.073827	100175.616091	101220.062625	
95954.160203	96904.829312	99354.381233	99685.257100	99803.926261	
103017.399550	103151.617374	104734.990503	106170.917344	108101.319062	
90606.043981	93141.978423	97436.711855	101809.913182	102978.564161	
107385.997272	108108.106269	110779.074438	110832.673603	113784.050570	
110429.822023	115308.108238	115379.786983	116887.709660	117819.202533	
102768.958168	104609.137277	111216.660160	111658.772909	112882.263550	
102727.393662	105404.700881	105460.781985	105608.255685	105692.126837	
103823.734233	106214.494886	107313.601801	108466.050974	109127.215540	
96287.829988	97758.827391	101321.003372	102397.854321	102794.055855	
94982.399064	104992.806773	106171.657533	107388.124165	107589.299734	
105523.749854	106111.992251	113621.200365	114139.283974	114641.055347	
93206.533304	94714.584264	99147.860062	100925.945633	105155.677613	
105429.790927	108462.706349	111312.260688	111897.608167	113356.163860	
104838.171160	106952.892673	108532.886519	109705.421577	110855.685263	
111277.979980	111582.815655	114131.468922	114349.681554	114530.762608	
97549.959522	103890.041572	106138.135906	106387.332427	107133.273769	
101063.788657	105016.074454	107379.821917	107720.912866	108444.341773	
92305.190505	104176.729279	106032.055021	107141.002761	108023.803735	
95672.003801	102489.483223	103570.738331	104019.294873	104193.201850	
92926.890976	96427.203927	100889.657319	101257.098580	102190.070140	
103113.868464	114858.642038	116760.666602	117444.339306	119556.302274	
90958.747757	91024.584315	93392.420635	93791.748517	98053.474254	
108995.287936	109563.411750	114097.866293	114248.179195	115540.975805	
106786.966989	109304.619777	110832.874558	111368.309747	111600.876215	
100437.855190	111621.587489	112135.516379	112495.196465	113775.294087	
92709.447384	94285.138030	107759.968442	109345.989716	110780.848263	
117032.921443	117616.823073	118039.219682	118717.834086	119824.399892	
102336.344791	105265.464032	105538.596964	107476.994242	108490.565616	
109766.061008	110272.314910	111485.107433	114609.725645	117865.398068	
101554.863845	101716.621540	102985.447036	106363.001071	108143.341668	
113727.319712	118886.636318	119720.710509	120428.509836	120527.268532	
102879.955643	105437.924814	106115.508965	113137.430933	115515.127732	
115465.790935	116789.255079	117711.107094	118319.587774	120360.513230	
103090.905497	109497.500540	109686.588160	114783.146159	116166.535328	
89261.592659	98719.031766	105344.295577	105749.519201	106226.426613	
111570.498661	113493.042288	114011.063915	116810.626155	118547.069092	
99608.106330	107494.357498	110132.964951	113902.841448	114409.400600	
97609.412103	98795.523900	102777.619304	103378.069515	103923.309823	
107754.347358	115138.242533	115619.185223	115626.376851	115861.497547	
104442.319705	105033.085445	105699.173313	106750.666945	107609.952165	
111171.385985	113263.432745	116723.697450	117200.822128	119545.317247	
98089.622593	100523.495485	101536.249142	103922.761022	105426.455716	
93842.554144	96320.575793	103226.226549	104833.547552	104930.576188	
98768.792141	102811.935981	102918.242948	103228.983980	106386.792596	
106956.376999	106986.198466	107286.005296	112762.498167	114067.554759	
102351.321909	106116.399463	106410.972879	107492.660070	109829.362337	
106728.849854	110244.467417	110264.172332	110704.152509	112388.909600	
97054.072073	107984.168477	108648.945010	109399.223649	109434.945259	
101939.316755	102296.280592	102890.408373	104170.536991	105823.434423	
103725.970694	110841.552333	112550.481533	112834.734130	114159.333135	
110842.963680	113419.392641	120463.834551	120985.953447	122650.051439	
108171.332762	108621.044807	108714.835528	108999.196681	109684.541992	
88868.223140	115332.253642	119148.692271	120029.504017	122035.383985	
95204.883207	99376.449428	104032.251940	106158.078029	106876.927674	
104871.618081	106225.365743	107187.507210	107869.926520	108776.367223	
97544.273597	105021.355049	109995.580855	110010.858498	110521.935153	
103755.379159	105815.051143	106607.813184	106967.989097	108737.283961	
108231.485436	109541.872849	113381.235228	115647.653252	116561.195865	
109970.898584	110550.700733	111895.311259	112519.952245	112970.263765	
96230.407603	97008.608545	99410.079509	101979.160535	103081.396595	
105460.781985	107914.139370	108875.479009	113940.527685	114095.001987	
102272.023651	104280.259170	108266.819208	108560.440714	109831.209568	
97760.609810	102913.683878	103353.714084	105160.201425	105835.859696	
114690.566573	117749.379892	119330.679434	120023.249879	121322.488755	
90117.970977	95544.096095	96539.362958	98221.066789	98222.688636	
102848.279980	104870.068600	105216.847920	106397.115101	108526.933686	
96044.398489	99410.079509	102783.516700	104349.318702	105973.072855	
101472.640074	102387.847442	103523.606157	108499.547512	110125.074618	
109992.072455	115077.865993	115196.491770	115298.574885	115856.868996	
91659.952994	104539.596220	106228.624314	109815.130196	110924.323118	
102804.701592	105565.008882	109768.707733	109937.705374	111729.279942	
90228.053481	103213.066974	103334.432200	104554.300164	104638.995047	
94483.053910	97532.894197	100721.292951	109248.353929	109878.296905	
99728.058820	106196.006038	110852.066476	111491.597431	111814.199666	
98086.245000	101095.399062	101897.235336	103483.729502	104431.540850	
100177.845740	102075.124442	104081.112044	104519.069002	107340.661798	
86642.613961	93490.959491	98259.667250	102685.114082	104342.974375	
104558.596714	109799.837403	112344.181454	112367.589985	114356.117415	
102196.323679	102673.546518	103997.304353	105839.685277	108533.582930	
103757.293877	105061.318163	107337.763212	107344.572641	108363.510294	
107524.854888	108395.610410	108570.819976	109935.642929	110244.607685	
106064.605328	108904.637728	110004.900475	110650.638986	111026.506379	
105531.691571	110082.552181	111875.828797	112359.466747	112837.297483	
110755.462364	113714.095456	115479.192199	115922.504175	116412.588129	
95940.711330	97667.112077	100741.487919	101513.189107	105488.527236	
96538.087612	99193.629349	100596.052492	101533.210221	102734.594186	
101024.487543	101220.343799	109688.234888	111936.741205	112140.613615	
109058.204833	111000.766271	112400.654242	114138.540013	114332.325899	
99556.520776	100345.016312	100883.547792	103602.236806	106285.958760	
103550.835418	107565.693883	109989.117874	110399.899918	111783.106529	
87187.415188	101299.389942	103972.965649	104118.138300	104137.212412	
99099.557084	99942.960123	100869.393096	105803.777563	106215.015612	
101897.997759	103032.206764	104746.087847	104811.811437	106987.045574	
107389.194828	108451.122166	110955.602632	111473.748737	112476.133416	
91361.057398	97625.304505	103063.946571	107375.389345	107430.182989	
120420.730800	120648.887809	124094.253831	124861.773186	125258.309749	
92672.904058	99434.059195	100276.218527	100449.238755	101645.062471	
108004.078958	110022.077182	111865.099943	112560.572744	112736.025123	
106343.606841	108252.904710	113891.080046	115091.929339	115911.034931	
104036.050645	104451.838883	104529.744705	104906.503585	105453.346838	
89133.439291	97562.038663	102664.776081	103781.023254	103849.361501	
101607.992151	102431.422749	102544.902514	103802.609401	104771.847095	
91162.558498	92390.515578	93927.159306	95456.132873	98590.751130	
93933.067149	96292.981278	96357.869546	96877.211816	97970.798329	
107256.684823	110023.440130	111483.764073	111779.079675	113898.886274	
96278.141459	98826.989812	100410.106328	102189.617200	102720.429316	
121221.021794	121330.476500	121601.997407	122023.326821	123921.660923	
95332.503367	99238.997596	99737.147250	103230.218161	104128.789513	
109185.731066	119504.587124	120023.321492	120033.878299	120542.269457	
100658.519787	101708.269477	102790.948194	103300.455041	105289.704043	
105839.685277	106188.660965	107548.833106	108084.478959	108360.933374	
85247.265958	108209.645748	112449.725348	112760.875318	113614.010396	
105680.339512	110488.400968	111989.121563	112068.407257	113226.953917	
97671.034156	103573.019479	105412.327713	107087.266431	110229.351241	
101190.641593	102566.662085	103127.088573	106537.606359	107590.233051	
97658.809945	104414.532581	106381.990842	107065.789648	107279.096525	
107884.604392	110861.063894	112271.589973	116132.276036	117203.365372	
99655.159552	106009.790543	108588.237978	108930.039880	111842.293614	
102855.586867	107280.303235	109225.906507	110034.857045	110703.632995	
92888.315496	104390.774549	104652.982861	105012.840001	105981.036889	
95217.769547	107011.404293	107142.249564	108946.607701	109970.291470	
100257.828236	105426.001411	106549.056836	107029.536475	107249.608946	
100646.706284	104758.738159	105552.267724	107604.427625	107608.917993	
93103.915134	103589.758280	104588.430212	107145.119755	109681.381115	
109858.665237	110873.507236	111327.977712	111941.811655	113497.721966	
97234.017861	99099.467653	99232.088858	102611.911004	104797.130814	
102590.559407	103904.736927	106983.396636	107128.809692	107957.385679	
94292.208435	97929.218633	102390.654944	102399.043238	103450.277724	
85199.267338	91293.001561	106337.983737	107787.842519	107981.660343	
99078.265695	102833.994593	105491.200092	107104.003085	109061.099476	
112440.812124	114537.709832	115921.446131	119819.081271	121077.783846	
106797.502848	106948.128738	108103.326342	108967.465688	112866.169991	
106701.677363	108203.302424	109449.390890	110019.748763	110368.568283	
94914.072828	99011.669272	102116.522354	103945.016992	105380.786258	
110988.396668	113163.919044	116371.252062	118086.987821	118298.808098	
108548.905392	110475.853988	111027.074320	111341.200440	113802.627902	
111033.486167	112317.295343	112974.433340	113486.390768	114826.772735	
105294.684805	106492.965331	108352.355255	113123.788414	113435.507084	
102972.004845	108099.329895	108138.546874	111354.887832	111657.628954	
98312.676386	106681.776963	106810.930137	107217.702171	109111.939414	
92626.534156	95648.936557	105322.069785	106453.523544	106952.927448	
98677.797751	98810.907676	99114.108470	100595.650454	101732.032442	
98235.405105	102548.463269	103543.107940	103794.787802	104701.780332	
95268.008905	97177.769321	98633.417560	99992.533734	103130.775935	
98222.688636	102273.799757	103113.465294	103652.752010	104812.558342	
97631.368988	102353.220990	102763.504575	102782.354032	104199.113421	
105868.067302	108845.675553	109710.929386	110863.997402	113416.608451	
108867.379029	108965.974529	109321.718585	110877.113939	112979.667459	
106937.556886	107442.167424	107467.596924	107592.410883	108497.183172	
100705.811896	102317.025102	102610.165494	102763.259579	104232.967844	
87191.431261	99132.263079	106308.366185	107333.855921	110018.947852	
108129.549200	110351.329055	110429.131997	110491.717210	110932.658751	
104527.720301	108634.147328	110557.674837	112154.073992	114421.243674	
107952.661800	109334.656341	117071.869935	118524.523927	119811.860492	
98718.572386	101175.186868	102234.429026	103340.635194	104870.142716	
101555.987928	102420.310699	104427.686444	105677.441949	106672.996822	
92623.647159	93204.788443	93268.502965	94210.657465	95267.975785	
106279.005005	106396.047416	110701.413402	110906.657328	111234.559673	
106503.674428	106614.378527	110421.924062	110849.337074	112186.887370	
103886.694004	107913.426482	112250.280748	112811.772046	113115.833752	
110412.696747	114037.158282	114772.712474	115090.191363	115872.357941	
101841.104881	110358.875766	111370.080263	113388.993705	114749.736457	
107272.803177	107600.406948	110872.172222	111277.048638	111700.348128	
103802.284201	106046.942798	107472.549823	107613.807096	107728.220320	
109931.874713	110019.910188	111265.437567	111762.404069	111910.521835	
100423.045929	100607.171762	101370.072786	101653.458711	102629.101590	
103373.768520	105048.536785	107022.434214	109344.728835	109616.304805	
105362.216430	109123.677545	110185.221445	110234.756610	110584.318402	
97266.446178	98177.662157	98259.276010	98432.496169	99969.454033	
92825.099184	104619.869588	107827.316055	109258.961331	112201.857286	
82251.315798	93616.578869	94664.692322	94670.090700	95843.487738	
93260.723609	94869.843588	95478.493413	98326.178015	99617.510280	
101360.443884	102306.229400	110544.002073	111569.744414	112525.891153	
106605.722392	111169.679911	112969.557415	113601.308452	114235.881641	
106804.928298	108040.548903	110666.709721	112047.731710	112637.882599	
106856.262651	108060.288440	108814.260983	112251.426195	114488.916645	
87919.827394	88778.121362	96734.959807	99883.326415	100122.768555	
110446.988895	112670.450251	113122.619690	114060.336746	114082.479628	
105700.101561	108767.178470	109687.165234	112395.223604	113932.709022	
96448.335197	103395.928055	104111.776248	105265.917946	106322.591015	
103258.398278	106196.312676	112671.492485	113534.554341	114089.318798	
100027.685972	101280.883173	110206.164045	114317.441508	114349.616141	
87174.627586	87919.827394	104275.988127	104652.982861	106211.025968	
106150.358611	106591.395711	118421.383674	120561.087666	121682.823957	
90226.418146	95863.622081	96726.864791	97812.998939	99011.669272	
92498.925747	97637.057205	99317.888363	102293.082007	103355.854220	
102069.111504	107804.386477	109063.755862	109990.282448	110759.015428	
97416.416532	99993.440806	100536.121317	101932.858991	102290.115084	
102553.648138	111578.423286	111605.143191	113656.868968	115101.763989	
112142.313211	113131.804913	113194.789492	113778.963463	113815.392909	
92244.541197	98708.851858	100469.769797	101389.059460	102294.309635	
97483.117373	99782.247551	103406.514672	104229.029570	104676.427627	
98562.072634	102217.194139	106553.817708	108748.541090	109461.613596	
111142.514637	111589.359451	111671.772524	111750.697328	112585.519740	
104945.586872	108289.365365	110126.062840	111105.395553	111696.807615	
91893.600626	102494.057120	106429.434389	106605.083926	106825.013361	
89734.999699	99175.359725	101254.740640	102271.684937	102678.098815	
106693.235603	108854.909554	111596.687742	113747.111980	113938.092253	
96665.640267	98176.301988	98388.947389	100947.520878	101800.397405	
107989.812721	108248.247426	109994.025820	110434.314297	110542.652485	
99966.546482	100319.557746	102518.063731	103061.952910	105797.885836	
123842.042016	125107.750045	125470.393363	125520.821707	126731.323432	
94860.279124	103352.770848	114975.887768	115232.221776	116335.204538	
89095.519963	99124.631464	99193.629349	100030.059036	100188.633700	
102270.274691	106251.141813	108645.253584	109660.124998	110102.133534	
101640.339701	107222.944621	111740.883556	111798.416515	112869.869487	
118291.636886	118855.741698	119443.127876	119568.751105	121009.875874	
104985.536154	105580.074346	106921.042778	107447.225508	107518.782251	
94786.056745	108285.762655	110334.015472	113012.447660	113819.081512	
96370.592946	101912.350781	102372.899526	102636.543448	102972.753678	
107885.236607	109121.193090	109685.880810	110943.230161	111286.340457	
89328.162177	108216.866575	108363.072616	108625.795975	108892.495819	
84917.177372	99272.496625	104108.703116	106802.969474	107260.894378	
106865.883432	110720.145145	111330.381297	111517.064816	111947.152359	
98041.327152	103843.371991	106447.932474	106707.592570	107897.626545	
102614.707025	105589.240104	106446.339487	106584.227142	107306.487639	
90904.004662	98908.054134	101272.588223	104088.550143	104100.897805	
102585.573723	103386.943254	103609.223584	103657.550606	104454.619683	
108316.096059	108776.309710	114341.549884	116722.205803	116780.965560	
100596.182671	100862.639408	107378.384765	108576.556074	109318.668879	
94593.574103	103150.641793	104184.291194	107234.038185	108522.621130	
112644.087260	113064.086630	113170.144688	116420.624528	116738.485663	
107507.744816	109077.753056	109222.993704	109848.287767	110175.850784	
109169.655966	109258.688739	110245.960190	111363.671218	111519.212198	
97704.526364	101913.181206	103681.486632	104104.584081	105149.207575	
108304.100587	108502.469101	109364.594027	109524.930347	110486.641447	
97063.212675	100783.103888	101577.026406	101854.004407	102554.297716	
104460.565882	108392.406780	109837.654895	109978.895283	110494.499804	
107758.863043	110482.214150	112420.527149	112912.632012	113952.552233	
101648.773656	111825.514378	113109.485213	113223.177876	114334.256659	
93788.491845	99784.196740	105642.213103	106978.739362	107157.557487	
109099.771740	111415.478806	112521.692609	112828.785712	113447.796156	
121533.346667	126695.499318	130742.384932	131139.557547	131777.323432	
90897.102222	93784.540172	98581.759375	100583.720725	101485.150968	
96035.135188	101385.094629	105443.146236	106743.225175	107481.444563	
84700.985336	96545.368566	100173.244261	100257.151761	101505.664448	
98156.529065	109608.454040	109738.287839	111631.841876	111698.990756	
103637.307927	106866.608170	109929.971522	113089.197043	113464.916315	
87004.710351	87609.877819	94210.732035	99120.521834	101292.522380	
90481.298960	101712.088895	104129.887732	106520.925246	107592.452490	
95919.595278	102265.360237	108136.737292	112147.931046	112575.582080	
94100.165316	96456.207187	96521.694750	96740.890128	100525.235739	
105045.887907	106090.676699	112510.187439	115796.274621	116905.920097	
100051.889109	104599.981598	105206.841248	105797.076249	106810.115732	
101665.117562	103187.982582	106066.240714	106716.607199	108820.177168	
107177.556046	108274.041617	110104.312156	111987.353706	112290.095732	
90815.190915	94628.306919	101500.365059	102473.953193	106460.986129	
99978.309275	106807.961009	108275.889639	108570.494672	109831.714664	
99683.916670	103241.492106	103373.150568	104912.289680	106968.613905	
102016.348001	102305.995989	103977.710108	106517.650619	107611.494711	
90602.654157	91052.047159	94640.824161	97118.864165	98410.160581	
110281.338478	113435.775143	115053.255203	115712.372960	116579.227605	
100741.917964	105554.656613	110228.120424	111105.899105	112326.146426	
103312.658272	105916.073840	106028.067828	108271.083001	108706.347503	
113640.915071	115074.492163	123253.206804	124190.598649	125506.958514	
95225.267478	96713.890092	98123.696964	100766.352936	100864.560687	
99930.021330	102041.989301	103748.380254	103853.336266	104073.903842	
93795.138378	96192.838055	102859.203643	104264.846711	105063.796063	
97920.955323	99820.995379	100477.475380	101208.415453	103067.186050	
96018.860536	102225.424311	104056.970074	105719.861603	106059.651009	
86485.478690	100159.684422	100787.864755	101127.267308	101277.847792	
104762.479514	108647.111950	111225.210118	113835.112219	115529.198078	
92827.605546	98362.323216	101772.185675	102535.077286	103941.167456	
105097.165429	106422.728010	109091.761823	115127.275954	115511.144219	
101163.726050	104000.136947	104670.571613	104834.330337	105798.584549	
106802.103946	109892.302142	110963.198148	111203.991178	111659.287393	
98159.458576	98447.863339	99069.913073	99661.975137	100827.358581	
95814.295908	96064.344413	97310.140610	98117.761706	98775.947672	
97752.333372	99032.393476	99035.045412	99292.850180	100126.711237	
101414.383842	107520.685785	110068.315630	110682.119433	110717.377097	
97521.903679	102557.946238	105251.216393	105371.892851	109285.778892	
113153.556908	119379.340316	120121.208837	120618.763720	121575.531771	
98774.931955	102071.771366	104953.736739	107374.652308	107574.648495	
112643.175100	113119.426331	116399.980072	120630.752996	120703.391704	
108211.967252	110003.357571	111359.036938	111890.503302	113662.813511	
111263.565617	118602.787487	119706.502554	119749.827136	119770.776164	
106379.515476	108084.387414	108524.745031	108813.247536	109910.402891	
106596.884223	107261.771468	107600.793607	112546.396231	112998.020181	
101062.342245	113272.677485	116571.104991	116859.604770	116893.841396	
85844.129240	104635.826545	105906.644489	106588.407268	106798.419230	
87456.160063	94181.653779	99905.295853	100413.298953	100537.252789	
104751.012831	105996.950704	106405.342575	106617.445398	108071.695392	
108120.999226	113794.894344	114678.674176	115612.434758	116189.984573	
105881.261427	106307.300864	106482.274496	108812.943491	109281.422854	
97241.267279	105808.583417	106521.869596	107501.244685	108074.047190	
106631.045216	108316.743754	109614.777714	110831.609166	112388.197733	
106370.155346	110066.429957	111966.718136	112877.079899	113147.103214	
97329.129873	100738.860838	101630.577199	103626.066521	103906.215911	
87593.094816	99424.036309	101198.240942	102001.342360	104935.207000	
102213.498652	110879.848465	111350.890732	112067.042422	112485.280199	
99470.973519	100306.224124	101576.818634	104042.112185	104240.365429	
102137.291294	106343.304867	106820.283523	107107.071039	107433.179705	
97373.880589	102621.659882	103081.734744	104016.474084	105418.877491	
91108.346616	105025.518855	109699.043801	112758.518093	112862.802726	
92867.746351	94289.587484	97304.678676	99810.797197	100602.800126	
89139.462618	96765.896188	99523.367139	101051.491881	101778.975693	
97164.711930	103013.679972	103290.810853	107109.697292	107301.261042	
107645.958094	110059.711899	110454.353736	110560.217261	113395.332056	
93113.886220	100717.070109	103495.081393	105160.201425	105697.328288	
98374.821216	104791.940178	107069.352060	107507.078908	108490.997281	
100630.698476	101384.256229	103381.907877	105313.997330	106058.306944	
93371.758795	107870.347963	108534.984974	114426.544250	114463.382991	
92695.764508	95729.263222	96659.895672	97113.222964	99249.794193	
94378.153215	94648.489973	94798.214472	96375.043876	99036.235522	
103082.028866	105856.958790	106822.413890	107569.982292	111197.084270	
95264.773894	98672.185603	100060.974842	100596.052492	103737.595730	
95841.372694	103674.583784	104208.887759	105210.797945	106679.471144	
99897.836303	100609.686780	101695.400016	103269.970595	103870.278847	
94743.082732	100319.822817	106901.063427	107472.778599	107479.548433	
99278.894673	100579.276701	101297.954129	102460.927995	104069.072647	
103437.950587	106308.294809	106588.266468	107718.189352	108246.194671	
109248.346457	109698.105469	110406.322630	111799.187226	111855.852627	
95872.456329	98876.687706	99063.431959	101547.355624	101729.708600	
100000.671419	100243.457668	104999.261382	106189.701738	108806.761216	
95334.686548	97244.166150	103213.637371	105324.433564	106058.672176	
93795.138378	102450.811942	102678.140043	103807.536130	104906.517797	
92504.231461	98369.185397	98501.363116	98837.359203	99035.055642	
102915.409931	105173.386826	107929.814714	108889.856249	110759.105456	
93168.138368	97413.772176	98564.239362	98673.419737	98767.634822	
101608.033919	101998.601596	103234.937101	105118.557555	105527.260629	
85768.103165	101914.973379	103323.633763	104247.963503	105770.237475	
103187.435998	104340.328604	105186.271831	106680.025157	108605.158531	
93263.959070	94178.776115	97726.283586	99734.562808	105383.528556	
109059.257947	110339.728319	110468.959490	111012.754122	113313.036761	
99931.275214	114835.192198	115925.010156	117418.643636	118717.488457	
101491.525147	108091.772429	112029.264946	114086.304201	114260.104358	
96030.715587	98091.979620	104428.234639	106468.761596	106962.070137	
102580.048088	104289.092038	105595.956636	107121.512525	107816.174946	
103806.340637	106859.944497	106889.540647	109958.860457	112637.465354	
106728.475019	109026.339016	109757.019735	111280.125273	111317.571508	
100160.257119	106089.841173	106558.465948	109610.552632	111457.926413	
97601.556754	100499.467287	103151.804927	103830.992182	105048.365416	
101154.979742	102131.566683	102764.619501	103215.678696	104407.558252	
102538.623092	102933.468977	103334.118876	103743.204538	107386.627805	
107898.882087	108132.610215	108948.990620	109032.961962	110211.686734	
97682.262702	99959.375062	103335.944572	111813.458162	112359.709583	
84216.528902	87259.353834	90690.119549	92269.567731	93919.699264	
98174.461133	103541.302775	109611.258830	109912.147079	110901.119086	
98053.474254	101723.014060	103940.084366	104029.790589	104508.977605	
96997.600453	103548.043434	104252.431616	106778.281807	107616.960245	
103696.550205	110153.289955	110287.447346	112161.031508	112438.641495	
106614.748419	108096.906705	111262.521151	112253.391812	112560.097967	
100193.962027	104501.291753	104543.168392	108310.265306	108712.391591	
105560.168610	109024.834278	109291.940252	113082.628711	114986.787521	
109591.142795	111468.001434	111696.771061	114435.169491	115041.888276	
91311.622773	96689.470962	97190.453669	97230.975119	100547.229314	
99225.492559	99631.600518	101976.139082	104720.418348	105045.732318	
120550.083879	121460.086059	122287.334231	122564.231140	124540.789936	
106439.569636	114533.836103	114700.670099	115059.139020	115609.685011	
90454.184408	91690.773105	95022.165571	100925.051245	101332.427195	
104174.854076	106923.387173	107303.978229	107858.555175	108082.873866	
95915.831059	98640.714981	100864.481839	103787.653505	104388.208508	
113943.732843	114017.882949	116029.329200	119039.922087	120430.649144	
103667.865529	106981.998843	108985.393820	109281.085429	109801.648007	
96043.248981	104158.027959	104201.441659	104899.279961	105358.083013	
84360.167063	105159.642055	105332.476537	105809.331908	106314.411734	
99310.343477	100323.480189	104410.236705	105937.756470	106973.594614	
90349.275274	108705.053083	109676.294725	109790.931751	110986.387631	
102247.540915	103889.219358	104197.907486	106305.895239	107429.924840	
98394.747044	104544.074224	105403.805840	105955.745821	107947.811341	
97841.186572	99467.821104	105847.941135	106084.078823	106980.808525	
102877.370699	102880.950709	105664.585693	105963.320058	108308.886948	
108846.279506	112453.621785	112700.247730	113233.908593	114009.129722	
99684.204938	102413.896601	107087.397801	107145.721019	107557.522724	
106804.040894	108876.438967	108952.171962	109070.401458	110436.559958	
97042.583753	104384.182215	104816.020476	107163.887260	107816.415653	
101781.852391	102758.989657	108124.081167	108648.722752	108797.544408	
94837.268313	99595.681056	100838.553642	103059.497379	104968.983692	
102143.309537	111028.132245	112845.006283	117238.699650	118102.741487	
120185.908433	120882.936944	123843.018113	127771.608018	128624.661906	
102969.956206	106439.516343	107037.102835	108861.428554	109397.347715	
98482.486456	99035.418757	100807.240561	102923.671498	104679.041402	
98031.953232	104985.612385	105072.196707	107590.303062	111544.757831	
94102.768547	95996.765391	105899.980662	106343.193521	107172.662123	
112161.031508	112676.701513	113021.838580	114087.867631	115579.772254	
108936.544473	110504.070988	111097.015679	112618.626291	112778.892127	
93583.025537	94890.208639	105187.999563	105204.803801	105743.533340	
96567.114525	97676.534198	99732.034762	103051.290262	103699.294750	
94648.076364	97467.319445	100632.649914	101349.448666	103129.501981	
108103.911844	108706.692485	110364.593947	112688.485671	113831.934408	
105734.766243	107463.160984	110020.228062	113218.009799	113457.071575	
93891.148316	110388.623500	113722.959806	117200.883416	117206.538334	
99095.196905	100225.490587	107800.608269	108318.148820	108433.454968	
98845.762028	103429.014167	105630.096918	106116.145610	108432.270657	
98681.355881	102683.017398	104119.938459	105257.044205	106308.636512	
109972.410547	110421.212560	113350.691726	113783.674248	114843.284776	
102002.365067	105457.932189	106356.330173	106849.875795	106975.050249	
95852.176932	103051.914291	104774.470985	107581.158522	110787.536561	
95324.305885	95623.376658	100145.661741	100525.687429	101414.282278	
102828.345358	106365.589307	107805.965638	112175.564268	112271.444537	
98286.052084	103940.974175	107205.827429	107379.410586	108482.675240	
95063.076602	96371.712291	96985.380558	97236.400470	98139.086452	
93473.502131	97310.635750	101160.301929	103470.762885	104383.876581	
110892.856198	111379.037086	111637.294681	111870.957887	113294.161188	
111729.888332	112798.074435	114103.885696	114873.002840	114963.298851	
91826.162277	97280.664224	101422.338901	104800.547514	105150.075812	
109854.783553	110686.432078	111518.075414	112143.488012	113612.527082	
103619.049484	104329.790575	105782.024429	112663.283016	113480.436165	
105475.492994	108336.274696	108401.000752	109057.813782	111528.478401	
106408.126667	108554.613113	109700.224336	110178.767004	110763.064675	
119705.390660	120206.407178	120473.465742	121560.905294	123320.753031	
89891.793008	91222.742909	96597.989950	100724.435778	101984.082304	
83661.378501	94686.810604	99008.710999	100331.728366	100708.659876	
81037.777433	88048.692336	94408.746211	97483.683716	99717.527303	
94520.449031	99360.909891	100738.626652	102131.566683	103928.698204	
110719.469188	111516.601580	116516.330718	116756.156172	117219.737226	
102955.262890	115215.897709	115519.375641	117185.869161	118437.936720	
111256.964615	113229.069397	114634.276133	114662.297307	115049.864801	
102794.400011	104180.502494	105550.817041	107956.573076	109406.734244	
110114.061879	111607.751233	112182.863335	112476.746823	112484.036130	
90544.034205	93631.388759	96751.952853	97823.721305	98247.658355	
95160.287972	97197.873996	98708.709636	104352.077297	104962.087236	
98854.276946	101516.212588	102299.900938	102667.456961	103092.550069	
80747.492000	81504.268213	89282.424007	99675.357183	102729.229902	
99302.214682	107010.312331	109347.731808	110604.341368	111171.385881	
102609.719976	106111.294468	106316.718971	106804.600011	107792.498807	
91740.994820	102788.742324	104755.891888	107757.093100	107871.898435	
104039.089545	105195.348690	108298.510926	108807.218620	109201.012725	
85025.859391	92572.848477	98482.684830	100157.117238	100163.798029	
103194.822258	105118.281994	107383.461677	113551.725955	113877.920592	
103824.889720	105999.578530	106982.933320	110452.428782	110999.885160	
91661.997293	96689.682242	96942.340788	100023.211282	101738.210268	
110015.867937	112536.968178	112562.051185	112707.801787	113323.766860	
113533.959011	114074.092795	117213.786274	117921.118648	119718.907337	
113078.169086	116806.214302	118068.975834	118147.723300	118308.412045	
82231.365397	93058.965549	96541.651922	97186.784041	98721.950757	
86976.223080	88237.078833	103198.808593	103468.906243	103671.229102	
112825.743711	117530.462284	118610.698363	119697.878974	122166.454920	
84233.894792	93714.696937	96719.882830	97372.725695	99868.519786	
103147.652683	104605.553407	105103.593873	106696.079936	108148.231519	
87593.094816	97284.752999	98527.269280	100299.545161	101775.589584	
104947.673784	109161.348371	110894.276189	111572.960181	112559.109226	
99891.975413	106980.279265	107874.383147	109888.736506	111239.775136	
88490.132109	102611.633449	102790.905525	108068.741718	110175.178615	
102411.516211	106442.630076	110463.042171	111007.069647	111362.761712	
99613.637133	100222.714962	107215.238843	107605.650231	109480.121176	
93206.609745	105134.349088	106727.224554	108640.971102	109813.353443	
99605.937756	99837.171244	103421.253271	106539.880478	107242.686973	
90080.196524	94417.727626	95941.640021	98430.459847	98830.231651	
95954.933316	99125.126950	104431.992608	107057.873400	107542.716249	
94517.899350	100209.201827	103190.153738	104790.134744	108003.846926	
92869.115609	96497.384188	97644.914268	100426.385979	100626.169093	
94623.689999	96263.397881	98148.315954	99252.564592	99908.189675	
102750.131932	106853.316980	107968.032321	109865.680078	110076.517396	
102347.348376	102651.298832	103367.047844	106055.296558	106224.213217	
98407.922828	105334.108265	105659.332169	107000.599884	107200.147335	
86893.935417	94302.757166	96772.081908	97003.136818	97264.251209	
105418.366982	106442.683101	109474.491643	109720.930187	111389.407938	
105368.536029	108157.429753	110284.337883	111137.646149	112392.224484	
89912.641818	96366.363417	97846.702990	104044.110606	104143.046399	
102232.207929	104535.046829	104872.814472	105219.682835	105240.619150	
92802.841049	96964.949371	97775.885503	101839.983990	102678.098815	
104569.854598	106694.613169	108624.402177	108852.075260	111941.568000	
103890.041572	104184.990765	106356.279606	107515.410004	109272.290648	
95011.538651	107907.137784	109457.615439	111040.723082	113719.177467	
102183.890332	104964.197276	107117.238916	108317.233376	109309.858402	
91590.994576	94598.140991	94668.861063	102051.870494	102062.563452	
113645.971390	115004.162906	117769.790447	118826.070354	120744.069381	
97901.638019	100618.613045	102960.780675	104964.313094	105154.313563	
88900.933115	98595.657176	99777.375756	103475.899581	103616.470841	
105428.166907	106791.324529	106905.767059	110267.525915	110589.402334	
107917.373419	108006.902481	109252.114955	109374.937820	109741.892445	
94051.009945	96087.891621	99762.780603	105838.854819	105940.234460	
99027.730022	101543.835345	102133.947112	103075.773202	103782.470618	
93560.378080	100737.639586	101379.460456	101397.594489	101834.496481	
99441.675928	102634.672477	104543.495418	105547.059083	107533.778926	
97250.650741	100600.783523	100913.530357	105479.408579	107789.416655	
95067.480965	99317.814941	101250.108520	104129.265381	104683.848954	
103039.456360	110684.928755	115355.677902	116859.849372	116958.591494	
98888.129660	101727.690618	104792.260924	107488.495664	109847.245601	
102667.199593	111465.838726	112615.486743	114423.559112	114946.167995	
98430.837271	108628.867222	109731.502043	113159.647801	115709.771445	
109090.900507	116421.492283	119083.341016	119274.016560	119294.630126	
94703.023047	105575.431570	106614.748419	106916.939178	107520.655313	
102918.127595	108675.608022	113854.020057	114733.697847	115120.727043	
106358.171394	106848.496971	107389.852268	107890.555334	108513.846708	
100144.634628	105205.582825	105572.638747	106525.117714	108008.013231	
102041.461097	102111.646381	103725.515266	105321.274841	106864.176548	
97267.562046	102751.262658	105247.548383	105835.859696	106142.108901	
104093.988170	110331.326827	110638.072552	111957.056215	112682.486463	
92718.535825	111323.197342	111977.301846	112812.644532	112945.464655	
90230.748170	94790.834139	97532.894197	103205.366969	104185.104963	
105808.850641	107337.407050	109096.670735	110946.087019	112300.120802	
107717.903153	110755.969127	111257.818913	111810.974782	112172.442393	
101343.395013	103747.972719	104643.617032	105347.799552	106666.056683	
105899.176849	107030.033417	109019.031696	109662.706410	109981.681071	
104395.664631	106293.989621	108389.753208	108562.499534	109422.402444	
93329.689254	96902.870190	100349.784464	101728.854084	102025.603312	
91868.892888	99196.341744	102555.535191	106649.834807	107355.676996	
98837.677552	105294.940740	108213.132110	108350.748894	109066.729442	
116521.423430	116922.966734	118024.940190	121849.210309	122787.691266	
97235.417004	100331.539283	100397.207816	100859.634571	101264.536027	
103747.360412	106818.972470	107411.335626	107657.235408	108715.249341	
95279.044086	98371.056599	105608.255685	107698.242562	108806.660039	
100002.000626	100517.947261	100705.081765	107779.881758	110555.495848	
97667.112077	107243.727772	107475.492460	107758.677329	108797.138276	
102662.338686	106242.565335	108440.480864	108797.814510	112196.510966	
94309.468369	101374.459077	103660.717182	106987.617628	107409.880136	
97245.372972	100275.345792	101112.526951	101950.413077	102831.786489	
97529.423361	98727.293131	102407.595708	103785.931508	103905.265125	
99228.026088	99864.821577	104348.299811	106665.674234	107466.716639	
102293.447313	111357.363240	113371.742478	113651.631444	114753.406578	
95834.406205	101042.293315	102334.255772	104114.228848	104390.930382	
102011.860707	106381.665255	108277.565060	108769.661495	109561.883153	
91868.892888	104790.464416	104808.114102	108711.636030	108789.470336	
94750.971287	95397.917934	103068.365734	105726.683933	107492.451229	
103860.717316	109769.521713	110014.206888	110095.317736	110313.098119	
109357.698041	111956.901518	114047.456293	115245.742793	115340.949730	
97671.369415	103313.491266	106498.192647	107217.702171	108668.233933	
88854.705821	100027.137468	100646.088168	101864.627846	105990.932511	
99367.818783	105617.160786	105646.481138	110101.343365	112577.443244	
92175.446004	96336.070799	97690.909361	97872.316729	100110.370780	
94477.186815	101734.901549	106230.881414	111130.673662	111309.846770	
82905.657991	91185.389014	98041.327152	101305.670389	101659.331844	
105851.493528	107618.040304	107979.998472	113025.367263	113320.672458	
92912.889574	94338.712538	104947.635504	105932.185084	106899.936841	
101785.656126	104272.513645	108658.790152	112282.498964	113411.271444	
83355.978922	97618.456952	99847.422813	100112.281939	104121.888822	
103604.054620	104753.863863	108115.633753	108146.213715	108541.230746	
96181.727869	104852.873435	104878.514237	104902.269450	105408.086882	
106282.760559	108530.158790	109713.003892	113832.182283	114613.199325	
102429.781922	104243.928820	104514.259926	105587.924942	106363.470539	
100345.405935	101745.028205	103218.409853	104079.215414	106720.222617	
99791.163008	101363.529618	101667.504828	102354.774666	103155.390682	
107836.274264	108748.892309	108780.320132	108855.409586	109133.332609	
102014.352531	106236.485404	106869.199830	107105.433690	107193.878837	
107034.630672	107506.757741	108811.603904	110139.467764	110187.957700	
104116.685219	108187.832546	108243.539840	108248.247426	110579.871232	
99762.007742	101671.353711	101871.865886	103516.432433	103658.654489	
98413.463581	99391.484104	99845.708973	100134.967619	102768.776505	
98561.969330	102609.249094	103597.675189	104778.208077	106182.916518	
96116.846632	99209.920469	100090.748696	101441.848700	103575.268187	
109294.328045	114915.051773	116196.727119	116937.608079	119240.675608	
105028.545151	108754.298855	109528.540659	112942.352493	114680.419189	
94538.163983	100232.327499	103226.226549	103816.249276	105380.236493	
98006.161763	100448.288413	101181.737800	104002.881437	104188.111766	
111844.821980	112265.259913	118405.801471	119364.835081	119836.663827	
103429.037126	103671.209509	108655.459533	112431.314345	113159.266703	
90693.742190	94721.549718	97007.719167	105730.848525	110128.683351	
93584.181238	93621.960121	97278.658470	101102.352736	101219.954951	
90384.612093	103462.416710	104698.218889	105289.795652	106496.503247	
88114.250636	102697.642252	105435.981438	105620.396415	106265.402227	
99079.212370	102287.991516	102436.657144	106391.207967	107799.314364	
99556.423132	101887.771538	103166.276191	105391.596748	108007.195376	
99904.013740	100067.801879	103501.617725	108588.047556	109957.242937	
107826.145412	109657.624446	110187.415619	110438.467032	110905.811328	
103979.965973	109254.253317	110525.252998	111481.721999	113104.411227	
103941.112693	105365.263255	108909.556808	109574.824231	113545.438178	
102542.475273	104692.604100	107020.724701	108235.906960	108516.398597	
100208.484158	106549.676968	107080.038656	111296.342655	111731.065092	
112200.036363	112322.075910	112589.342496	113201.471816	113386.819303	
97095.662159	99013.247338	99841.586809	100621.699523	100838.553642	
93873.647095	95469.937164	98666.755871	100626.389845	101334.952587	
83374.618327	100672.968493	109475.832424	110014.605825	110549.537905	
102347.827911	103620.251227	108324.724241	110071.859671	110793.949517	
100695.995991	101336.735926	101709.956091	104424.836317	104877.317832	
93741.071990	99042.197862	99098.434108	103783.612862	105464.666780	
96428.964198	97687.039152	99043.777264	100935.526427	101979.566251	
99188.164948	102608.651946	105810.178024	106705.602827	107103.619661	
99818.820980	100062.701177	102024.344390	105734.813849	105755.209216	
99709.288783	105006.927358	105504.686886	106472.928409	107204.662953	
102367.079954	102604.107669	104345.419645	105098.167259	106364.109056	
101318.794326	105002.734242	105177.003834	106576.125915	107393.039865	
98650.422016	100023.188216	100563.320934	102454.360527	103258.551301	
93126.828592	94691.327434	95680.806392	98792.343007	99436.533011	
89748.785758	111301.931419	112731.770774	116270.179047	116932.070199	
97499.334484	97776.435994	103054.563466	103100.882685	103783.155851	
106044.506423	108196.539814	108399.378445	109209.860241	109441.364188	
101985.041248	102696.780400	106871.059199	107088.184548	108245.518757	
100790.263182	108650.071863	109340.413424	109719.309813	112830.330012	
101308.469725	102516.951562	103811.595144	106720.496053	107705.949093	
102729.427146	104900.014434	110618.471603	111758.242323	112877.731401	
105449.771530	106214.977349	108626.323655	112640.309193	113314.843705	
100306.443160	101760.646049	102831.194705	103681.458899	104684.879962	
112242.220572	113134.493224	113207.211249	113298.504651	113474.554092	
101879.381905	106265.402227	107745.265428	108062.583464	108635.051030	
90228.172763	102421.262336	105423.739419	105988.906060	107468.823363	
101418.864382	101475.164838	103836.406345	107286.767203	108419.327210	
106675.353187	110123.541043	111701.535442	112771.671082	113627.177372	
99839.687139	107420.927982	107943.533678	109871.810849	111574.270853	
91003.262650	100072.070398	101430.289574	103629.205099	104875.532234	
103339.878412	104547.628760	104581.931276	107371.012795	108400.920189	
106516.563985	110827.157066	116308.109215	119440.416720	119809.103644	
88417.074292	97727.223252	98425.922818	99590.334093	100762.631360	
113010.500535	115274.318342	115471.279824	116700.015398	116844.538592	
98684.038672	106887.802180	108880.158000	110228.684560	110375.087985	
102651.432165	104345.313221	105573.977623	106426.700153	108171.150798	
103035.158343	106918.304831	107033.512635	109225.760511	111010.512624	
117545.874580	119009.451260	119497.548894	120200.158824	122186.221627	
114447.238171	117604.596326	119363.666099	120054.334621	120138.759603	
85608.776624	91780.996493	101041.413409	101979.566251	103691.138277	
99637.250159	100181.563332	102048.445226	106016.689744	107707.296489	
96544.363885	105194.797113	105261.925649	106619.319342	107477.894974	
100320.827084	111204.321506	111425.880368	113459.465921	114616.915872	
92441.480273	99438.366318	100660.150426	101150.392895	102705.105112	
96589.056563	103177.805138	104046.795561	104595.848385	106221.558909	
105455.069251	105563.891464	108973.674292	110171.675893	111763.761535	
85518.185271	99351.488596	101714.228200	107070.870114	107140.466333	
114898.725675	117810.783794	118465.697198	118516.128415	119148.180622	
87993.589051	93699.385146	97334.508390	100136.961548	104797.735015	
105063.649220	107423.099343	108420.772138	109140.063464	109550.605732	
89844.347858	106589.712673	109082.799027	109526.905957	112678.857558	
110960.783608	111522.736346	112503.406833	113670.418180	113712.633712	
98906.932572	103421.978831	105878.658794	106353.634789	109643.091621	
97244.981885	100232.573311	101665.384339	101694.728004	102249.280569	
93177.335460	96157.484585	103246.338100	105375.485517	105592.086977	
95158.532667	102595.381509	102773.938490	103463.489921	103524.166444	
96319.863736	99294.532942	100949.690698	102452.553419	102871.288229	
102278.139400	105847.439459	106902.778555	112931.385147	114927.889546	
117614.187070	120069.497613	122671.834204	123907.374517	124174.143770	
106783.906671	106878.600180	111238.691835	115309.554580	115381.369955	
92941.829428	100896.450103	105140.393135	105209.372546	105953.553485	
94390.207311	96593.426877	97413.772176	97527.445150	98022.973341	
109256.534072	109616.605110	109773.490907	110211.995306	111137.101326	
88409.156652	92846.281689	97693.944895	98783.492439	100825.392331	
94150.240228	105575.846318	110361.710957	113315.868060	113477.283854	
87613.800094	88113.273308	91247.091127	92033.902780	94477.057868	
94517.143592	94672.844701	95990.457846	98837.359203	99263.125702	
113517.955291	115552.348323	117911.723535	118682.653121	118882.766720	
108912.294606	111296.964524	113629.193072	116660.247636	117124.407238	
97043.017448	109996.810175	111612.342308	111627.662293	112336.190805	
90805.212631	103354.922699	104525.377115	107308.589875	107529.159115	
107192.355634	108428.342644	111498.752818	113249.321671	114198.693009	
107884.192226	111704.177604	113408.944829	113911.846441	116147.561847	
86622.877083	92705.950516	93839.513178	96632.012658	97161.079078	
106069.227521	106939.138459	107247.235319	109000.121162	109733.711679	
95804.828529	98853.822832	99973.242276	102684.665343	103146.737402	
87091.586287	100259.237606	105362.626173	106569.201102	107492.875487	
98498.864126	102819.548937	102971.753949	103767.700643	104451.019581	
88798.355437	94804.972703	98101.688548	100141.135581	104241.959590	
83554.442189	98408.064765	99213.996909	99462.068858	99811.715316	
107430.530781	114010.408931	114018.763982	114291.258031	115314.155270	
106256.243214	111768.973456	114813.519820	115019.102904	118729.158562	
98203.565728	103121.764599	108896.734550	108924.881905	109368.921592	
96726.962211	97535.528843	98367.820138	99879.672449	101051.417758	
83892.507597	107658.504102	107959.443162	109624.303405	109862.204118	
93017.700683	101899.343069	102856.481532	103189.850023	103316.602135	
104513.500904	107151.695347	108984.472627	109575.024864	111278.359035	
109289.495550	109440.082469	112499.103316	112640.258055	113605.030374	
98345.049235	98676.797631	100868.974350	102679.634632	102993.894516	
92014.829107	96754.321884	101313.388948	103591.003465	105626.187030	
93281.029306	96856.824749	96908.332870	101788.593075	101858.070798	
116045.132632	116170.844444	119911.691929	119945.836820	120214.623006	
108867.423639	109234.606091	111216.720572	113483.230419	114760.344873	
109316.395099	109735.999360	111795.564140	113596.881461	117331.727769	
108736.398603	109650.441987	110521.968466	111046.949914	111309.232540	
90313.516479	96108.313601	97630.326017	98030.172992	98110.597785	
109046.260492	111929.955527	113235.962983	113264.987380	113375.987665	
98145.466155	103236.199536	103921.949477	104250.006218	105236.779565	
99954.231146	101977.930257	104507.237118	108731.193815	110169.149137	
90766.534285	101892.925081	103573.924056	105876.154722	106155.258284	
91355.787173	93103.915134	101414.300539	101424.630033	102049.855088	
92345.290379	92625.284625	94623.689999	96067.203326	96235.400079	
106987.342662	107402.480067	108479.812116	109322.623742	109970.253979	
96807.806701	100743.199572	101553.083808	102285.576452	103331.994082	
96709.871978	100445.383180	100809.897872	100856.677724	101092.922586	
95067.480965	105282.511700	105287.070823	106861.873950	107171.481238	
109940.115490	112579.519819	113875.385246	115786.128943	116085.371799	
107684.965825	109793.241904	111889.849688	112943.939357	113178.858697	
94270.887655	97102.759877	97440.797478	99695.380669	101159.606097	
103197.054181	106181.257407	107473.814616	108024.075847	111252.922786	
95030.409744	97043.866695	97841.978261	98803.122468	102692.298031	
101123.513569	104804.667017	108597.930883	108625.009910	110206.442986	
97944.363380	98203.334659	99272.152304	100494.682924	102987.759781	
103609.821939	105683.713673	112700.605321	113723.034063	114039.112595	
107705.219173	113573.639460	113888.364383	114443.458887	114782.704255	
104964.723601	104999.261382	105677.225193	105795.605618	106308.366185	
113161.696384	113991.186900	114193.056365	115809.973750	119773.931361	
100636.438712	101503.130878	104356.814780	105752.162356	105965.107658	
97574.153601	102289.665163	104698.486156	106060.846831	106380.959795	
96683.201827	98240.646210	102831.780136	104410.924875	105644.209816	
109521.011216	115142.223580	116129.819929	117101.201740	122432.778261	
100855.899975	107979.443637	111933.876048	113893.921668	114443.977755	
85666.235029	93100.398622	97318.564792	98532.173362	100034.469124	
114420.650364	115936.318646	117571.031109	118350.482328	123471.591926	
96779.525774	105949.367899	108042.839324	108504.699808	110352.060249	
108180.615710	109704.965701	111677.141020	111889.672155	112281.588803	
101770.323804	102158.602566	103269.720222	103829.051531	104769.685846	
100241.246572	102689.974225	104355.738624	104640.282144	106748.923395	
105418.283967	112834.196000	114215.778846	114541.990695	116006.265121	
83853.458296	92675.149442	93657.165965	97745.586240	99244.583858	
91503.223938	93875.634187	100102.016402	100676.778964	101873.502240	
93037.382189	105667.809089	107815.324815	108489.961951	108867.535779	
110444.759328	111769.013869	112938.071236	113193.921275	113462.124446	
97892.243346	101441.249123	102517.517876	105424.002668	106675.485036	
94831.261927	100992.475781	102494.186771	103236.118266	103926.845007	
103722.795532	107309.662221	109501.547470	110378.520080	112277.923145	
95644.316057	95742.662498	101369.745693	101915.306494	102357.026094	
112586.282302	116121.334233	117301.018666	118010.470678	118630.051962	
93723.844235	115535.170431	117917.799026	120073.990524	120586.074794	
94739.944141	102544.973605	102578.645912	104966.578304	106465.605352	
89219.001621	93320.674133	96162.600553	98868.590328	99297.598377	
94850.682825	103880.887384	105376.572990	106356.884586	107103.686061	
112830.485315	113129.484115	113136.466331	116608.769405	118171.796117	
114636.206803	116817.410960	116979.706385	119175.123913	119306.063704	
105031.070503	106818.149349	108025.777628	109438.551588	109667.283870	
95005.688092	102539.689552	105032.480271	105202.838357	105485.109439	
89461.713476	99666.508052	99895.919420	101547.355624	104014.040936	
105653.814104	109710.604787	109971.709574	111893.241942	112600.830760	
90481.159795	97804.011372	98596.777615	100010.791147	100680.892707	
97131.517375	106545.985015	106992.735962	107390.781367	108043.429725	
95957.028724	105667.410222	106138.500300	111604.078709	111737.709095	
105814.459147	109958.662439	112615.414504	113922.483376	114617.683197	
91113.992758	93864.017849	97172.865369	97768.622597	98172.109462	
95787.802370	101973.498566	102284.201810	102819.799719	102985.099105	
99524.653262	99625.647448	105457.363001	106100.312462	107920.129884	
112869.210321	113170.889659	114261.149207	114496.257920	115927.545975	
80225.296239	101475.162004	101656.184990	103414.128628	105963.320058	
93618.317352	96292.156433	102054.818042	102794.855495	103090.941021	
88792.683795	92254.530885	97175.279859	98041.034921	98058.139548	
95324.211912	97527.445150	106944.372495	108680.737519	110619.814486	
93367.167959	93654.776720	95722.018951	101642.882472	101671.353711	
85556.146605	88847.881760	91086.678519	91087.087481	91893.600626	
112404.318759	112490.592474	115282.133773	115840.775375	116224.083793	
98735.100820	99625.927561	99940.730203	101263.403818	101485.519235	
94520.449031	103870.082448	106929.687166	108208.792621	109206.902737	
105100.649194	105346.858812	105511.675871	106194.644799	108433.133219	
96070.405572	96283.671318	98386.037636	98472.286879	98534.094657	
103951.375825	104645.689162	108877.720138	109494.341494	110857.249501	
98405.096738	99326.686500	106121.811893	109538.649277	110113.513137	
94786.056745	96803.624489	98547.032971	99330.958193	101730.176792	
105493.744867	105902.462931	109227.040743	110679.989411	111365.465093	
84321.475366	100426.199529	102866.419310	103288.002120	103676.380993	
101789.784474	102079.985103	104222.905695	105437.293981	106964.323807	
100043.662910	101647.425388	105274.644242	105331.668280	106750.700601	
93465.110713	96981.271366	98025.497758	98954.542771	101389.573066	
99692.003896	100271.359322	102759.860852	103930.784011	104295.538486	
105475.112102	107274.463988	107715.370502	108253.384606	108810.215843	
109683.587464	110223.944682	112030.771725	114699.547007	115362.269039	
100205.538483	101198.587109	106575.043114	107228.382832	108827.447096	
92027.075624	94373.387462	94887.318917	95037.001741	102410.108788	
105006.927358	106023.141950	106404.513099	108014.538755	108430.466813	
93948.018474	99644.323200	101364.176107	101685.002526	102718.795284	
94310.365216	98932.856081	101250.277217	101960.947101	103228.921341	
88726.654319	100318.764379	102484.746849	102770.979138	103463.099764	
93199.490780	102419.880678	102902.949842	103919.065445	104884.086931	
92278.845622	94854.590777	96656.480784	97739.869559	99203.538788	
101172.475018	109258.135825	111949.241392	114340.009744	115470.188507	
73884.131923	87566.943645	87750.179558	88300.132525	90811.235889	
98937.382048	108316.853143	109324.783372	109492.610031	110449.021294	
91729.337006	98192.135688	100343.512912	101841.274594	101938.380556	
97979.512714	101757.019591	105401.575579	105443.191279	107506.141616	
91108.346616	101444.680827	101802.010125	103853.769656	105687.160398	
102666.391074	103812.510406	109304.654820	112206.663646	112497.582697	
105899.259408	108470.154803	109343.684218	111039.434184	113168.502087	
103145.273291	103596.458764	108323.229048	108624.448475	108771.772347	
109087.066664	110470.123556	112020.992632	112050.232166	113465.853585	
99711.686039	104981.333336	105445.660371	105755.122195	106329.477606	
95063.179142	96637.536296	101710.641902	102430.700426	104626.333704	
89695.615116	101158.831801	102790.146968	103243.467934	104910.687529	
106788.451747	107438.183057	108318.896134	109948.455901	112359.936724	
95693.063787	108213.871495	109073.917129	113980.301158	114935.169622	
99759.170610	104814.797188	105130.309587	105133.886824	107850.835825	
107224.055321	107264.035276	108173.311348	109218.771659	109636.637939	
99883.326415	101144.718106	101332.670085	102291.567538	103328.437103	
101202.485190	102148.643978	104947.319082	107725.517428	108264.258373	
99494.252314	100206.057521	101168.165886	103035.855284	103221.888159	
100429.164440	104967.354545	105055.165746	106353.905499	106810.356286	
88044.341339	98136.189906	99695.380669	101708.269477	103526.893835	
97635.550540	99041.002337	99969.912676	103808.486676	107046.629662	
97988.650592	99154.588689	101293.322991	103849.746009	104005.300877	
101220.176354	102114.920036	105202.532779	107508.848526	110472.402511	
90019.947580	110178.767004	110274.725632	110389.289327	111760.773097	
101384.842110	101610.882066	103467.343430	105252.212958	106021.056078	
96528.523045	97075.856095	98425.296994	99763.540726	100970.941372	
93146.734822	94470.955065	97031.005152	99739.434827	100790.074293	
100346.997562	103117.700182	107574.717391	108222.720128	108320.878685	
103127.624717	106317.326051	111383.654272	114247.461419	114309.166555	
129410.765728	131824.340698	133516.058634	136301.575175	137072.378834	
98796.395591	106774.674685	107258.708683	108351.424812	109285.777556	
109438.021051	109747.504805	110795.231008	111599.734761	112173.182551	
92294.900203	99083.289657	105919.081206	106103.513846	106421.203849	
91631.638664	96667.094501	99474.596007	101913.181206	102235.982024	
94616.432773	100820.824806	103169.422796	103199.509891	105501.803230	
99502.061466	102475.154716	102683.467251	102867.850192	104278.908544	
97499.334484	102159.512185	105049.093027	108514.421095	112371.001669	
85844.129240	95151.787177	97175.279859	97234.017861	99677.263402	
100004.962208	104414.532581	104866.503656	105211.470245	105503.198090	
104658.579302	107225.272831	108522.953458	109700.528150	109819.193540	
111748.318707	113363.385711	116500.963988	118167.681554	118495.151946	
97874.424713	100037.674492	101074.655896	101839.318380	102866.439781	
98932.910593	104870.616893	108138.253117	108300.780184	110666.709721	
107727.951398	109742.840697	110750.514233	110987.484580	111697.961262	
99864.820623	104818.808314	108139.763056	109308.224738	109394.175967	
97870.741054	99122.989113	99406.508768	100728.828146	101775.927612	
100783.330809	103718.424547	104031.348092	104031.692193	106635.832639	
103692.161974	106211.625984	106683.564600	108891.498128	109560.321984	
95382.129472	106870.011177	108415.455227	108904.251716	109877.157579	
104183.685341	105268.081283	106119.978753	107453.914675	108896.734550	
102347.417571	104730.843626	108922.212690	111732.098011	112761.015242	
105437.785642	106226.801054	111667.962967	113268.909297	114437.281317	
107500.144809	110587.954710	110902.838358	111291.815311	111880.016344	
105206.178979	105371.626278	109140.962920	111062.282671	112515.555263	
89981.193939	96513.786751	98861.406274	101667.001797	101692.473040	
99800.656834	100626.900911	101614.730103	102619.437133	104532.603809	
94500.159051	103732.628934	105107.631249	107408.852216	108003.846926	
102577.906432	103568.646365	104443.246319	104913.645224	106538.749783	
94280.081699	94445.215488	98833.070675	102830.596302	104196.539306	
98019.834482	105021.439877	107304.191970	109475.592643	111236.678276	
105062.707373	108389.265336	110387.599431	110534.518694	112575.052940	
101961.602941	103637.679399	107038.687804	107287.867183	107711.318660	
93069.210058	110387.010914	112230.275102	112486.175244	113056.954791	
101594.452745	102218.192572	104247.571712	105848.283792	107029.329748	
95838.927195	95892.169645	99704.295781	99914.148637	101092.470865	
91458.433900	92413.647615	92783.821217	95370.204450	95492.390612	
94393.980488	95478.180900	96304.735331	97392.634025	99425.098272	
101791.939010	102784.431198	105949.427078	107170.131885	107181.761793	
82071.483166	91630.097456	93419.400855	96803.624489	98022.724660	
100867.756984	101883.748138	104015.611482	104940.049017	105050.280858	
104070.357527	106434.640312	106929.724356	108682.743508	108846.665623	
109017.506847	112877.165840	112933.166754	116789.777358	118340.485135	
117887.479231	119062.939157	119535.161530	119862.752507	119869.202242	
105974.363620	107563.738405	108137.420413	109088.140175	109663.955192	
99928.391564	104525.672502	105591.151002	107823.236298	109467.436590	
95219.457647	101886.763255	103672.168321	106219.677132	106619.964241	
98441.258586	109281.236494	110659.112503	113604.603201	114888.485724	
112459.751267	117857.086145	118830.710198	119552.533427	123383.921845	
103197.238319	104636.844182	106538.233503	111860.085024	112471.344390	
105666.081956	107760.121112	108703.135803	109087.624224	109749.795667	
100070.222144	101727.690618	102772.668053	107184.346301	107383.863726	
98209.384309	99042.493349	104808.044648	105017.031102	105171.623690	
98542.551454	98792.343007	100025.172364	100738.724307	101170.021955	
92675.149442	96483.942009	100648.429276	102609.153469	103193.391078	
96361.771095	101206.848422	108212.954631	113869.754593	114567.115169	
101092.105614	102717.699732	105260.417856	105899.649242	108376.037631	
95533.091481	100179.725747	100705.133072	102515.896202	105559.449678	
103877.688663	104679.867951	106760.317333	106972.537347	109291.136085	
92477.515893	99348.639187	101828.461194	103146.656404	103285.859357	
100584.472236	101297.944125	107283.706148	110466.621859	111233.213512	
103007.855598	104355.727508	104742.968295	106054.992504	109757.825281	
95272.435039	98188.453320	101449.538623	101809.698296	102525.454325	
104259.806975	105703.146867	106770.865857	108081.773168	109517.109484	
111246.882672	112974.312284	115841.011002	116621.180513	117048.221645	
105369.438901	107261.508761	112043.800255	112721.858868	112822.501467	
99291.476033	107001.901342	113086.784985	114369.477084	115900.501859	
101053.830151	104165.762837	104210.552107	105758.635679	108397.747067	
100761.244496	107828.005022	116200.458699	118009.604725	118397.171862	
103173.987535	106107.543706	106302.177135	107070.446152	108696.797769	
111870.048198	114178.650149	115595.943650	119763.572959	120099.514332	
110522.716640	112045.673956	113288.741539	113648.484911	116688.724336	
101261.952869	103279.443139	103624.103468	104457.420806	105077.363276	
86432.117973	92365.289084	95213.780293	95936.881455	96876.742918	
93284.750734	94002.640321	94184.152636	96870.922766	97484.238276	
92574.750832	103067.186050	105308.241526	105799.925049	105964.558215	
88969.698692	98301.951597	99820.995379	100406.208888	104089.392468	
101553.083808	104695.051904	104774.589140	109492.327598	110438.727137	
97775.457496	101756.971591	104659.773050	108434.071092	110040.830854	
98164.594850	107039.886581	112798.425454	112845.492962	113577.158059	
109304.297233	109308.602048	110210.653041	111449.390855	111987.818276	
97704.526364	103429.802356	105785.263950	105830.812553	106154.814000	
99547.022467	101075.250297	104248.019305	108580.115419	108750.858694	
88395.127055	94603.504052	98697.252865	102027.592595	102490.309220	
90165.138154	94384.230282	98082.605663	98226.861864	98378.730845	
99081.602999	99832.715344	100430.809369	103047.063462	105743.533340	
91253.464774	97793.867825	98253.909646	105730.160266	108368.595589	
96181.727869	97634.849238	98010.894511	99923.192395	104523.878364	
110097.218885	117344.908203	120073.906882	120574.772779	122500.708824	
86016.319464	97800.804277	101876.428022	105606.912647	106581.422783	
111206.701066	112887.547285	122097.493924	123721.568975	123854.969928	
93693.928790	94503.183292	102977.030955	103977.621819	104503.910287	
103579.780856	103958.219949	105203.863891	105696.951302	109792.214084	
108651.836116	110273.865530	110809.483991	111876.386509	113497.925725	
109405.392422	112157.813739	112514.499989	114934.776005	116197.775286	
103872.202373	118707.982044	122992.552833	123639.419290	126489.237700	
92321.830560	108192.851442	109253.873444	111953.215529	112774.450639	
111082.552779	113339.474917	113543.867301	114936.227038	115837.715307	
102743.814904	103867.562341	104558.594841	105739.730329	106511.980508	
97556.449150	101822.697546	105601.762960	107085.189278	107507.320317	
99737.131016	101190.230995	102443.002445	103236.204184	104622.523530	
108566.460810	110275.818194	114694.489909	114881.727367	116248.173008	
106301.480418	109294.926634	110233.219817	110511.551265	110519.168868	
94640.809078	97951.703281	98621.359327	105576.105244	105623.100370	
108168.825150	108917.700832	113756.739733	114139.351507	114680.636129	
95392.614411	99956.831971	102749.326554	103090.905497	107064.153198	
97009.789312	103838.374813	107694.095645	109361.611338	110087.716151	
106573.430326	107010.030432	108155.440221	108240.231962	110012.710509	
96029.598967	100498.703056	104954.542215	105678.792945	105707.322412	
106549.645377	107783.922304	108217.193411	109860.172086	110819.109937	
98427.608342	110799.380593	111770.190944	112529.963124	113991.723281	
102585.832743	105769.399775	106057.645042	107161.287540	108126.074120	
108970.108074	110795.090889	114328.537369	115598.366521	117932.725183	
95238.226041	99875.960385	101472.640074	104505.809123	108055.205699	
98258.911110	100271.853734	100797.729486	101123.869249	101344.803564	
100761.819755	104914.846916	105144.451008	105982.374898	108968.985885	
113550.545717	115593.622338	116536.122867	117998.358938	119538.149636	
103473.312339	107359.184902	109876.190902	112919.883889	113932.729802	
120316.887899	122517.041493	123236.484068	125248.525463	126604.656905	
109246.887295	111418.632960	123807.195718	124229.715768	125627.406679	
83190.539018	97372.725695	101440.796286	102784.232440	106273.494950	
102601.723339	110048.116528	111642.247391	113320.045042	113772.355949	
81706.077436	98764.337360	99784.196740	99801.290523	100026.069949	
109295.552760	109635.230594	110414.723311	110708.084932	112892.244096	
90759.431687	98408.826915	102895.691600	103043.573878	103431.197176	
95961.737426	104880.373862	109480.868398	110783.541976	117671.510039	
98180.798929	111796.185282	113953.873159	114984.715440	116224.113190	
97645.586129	100203.564574	103125.853835	106423.418898	106866.553481	
105989.483967	108328.531694	109458.113128	110176.331158	111393.583187	
94297.549442	96966.027539	101973.242069	102287.046043	104152.815758	
96431.407386	99211.188235	107808.994949	108958.770696	112920.264249	
102297.681078	107747.297878	114235.311198	114466.076062	115497.292672	
95809.853966	96056.546308	96860.183574	99664.222402	100294.407777	
101825.011897	104383.415170	110024.813271	110418.295595	113876.376663	
107279.220593	109497.201161	112281.764849	114417.773605	114969.396352	
101175.504164	101582.161655	102731.806990	103674.607314	104326.209099	
94302.738731	99637.250159	102212.573852	103061.367347	103168.695904	
92941.801833	100323.272724	101727.677953	102477.409834	104491.213603	
104939.682143	106874.319972	106887.460473	107277.788637	107767.256863	
99189.513425	103866.239058	104017.914148	104450.869142	105147.148702	
99327.361668	107020.953804	107275.731888	108247.567203	108324.119595	
95253.758717	99565.921518	99916.395385	100221.800288	100661.220788	
106402.728047	107860.042980	109434.539962	110679.605200	111711.264617	
99987.422774	100522.712778	102230.015840	102393.440931	104212.752207	
108504.645943	110018.368288	110182.420185	110837.041817	113009.646764	
96283.671318	98714.762430	102441.965311	103225.432424	104676.640361	
99875.389291	100919.332989	102054.573494	104173.832462	105224.542790	
109093.593911	114908.127606	115587.095665	116421.697277	118647.936647	
94044.225138	94938.838539	95037.001741	97413.708941	97548.494207	
92485.150104	100747.064663	107982.183136	108412.697455	108959.439602	
99563.236438	103667.731703	104500.762842	105812.397573	105861.689719	
92307.091881	98885.850526	98923.032238	100907.907812	101549.521649	
97795.092425	102719.625610	104120.096727	105335.374986	106552.791830	
101294.372702	102013.631353	103612.807471	104558.919423	104851.605652	
107056.419740	109867.801600	111483.236002	113586.791914	114152.775575	
113210.232597	113253.650488	115595.674158	116251.291248	117200.457858	
100151.922527	106676.947713	106905.850155	107736.468713	108637.650877	
102111.734900	109624.897549	109797.313212	111988.713278	113148.142531	
94836.932080	107910.100768	109060.232442	110396.859513	111046.205453	
99174.623122	101556.683008	104716.150396	105730.802807	106089.841173	
89478.081531	96073.399289	100087.974878	105468.640131	105548.382562	
93432.997928	97500.074920	97540.738199	98837.667647	98839.813640	
106968.047219	109077.827981	111447.715722	114164.992309	115529.725415	
94576.758228	97629.229095	100322.761534	100472.893202	100979.987743	
101248.678850	103282.321380	104177.451053	107251.595485	107896.539524	
92870.694331	94321.029113	95100.189290	96328.693458	101488.476561	
95334.686548	99540.649608	100290.876732	104099.389850	105940.710965	
98756.248221	101072.624624	102644.732244	104346.296289	108700.164186	
96652.897246	98618.529926	104345.284474	107020.724701	107342.687060	
107232.225300	107510.501680	108328.232726	108651.746464	109677.232970	
103762.619117	107215.764165	109146.613787	109518.440434	110123.503270	
103127.296013	111872.350382	112288.217726	112784.599101	114082.611517	
93671.150475	99940.978407	101230.977191	101635.043767	102159.638141	
100802.459481	103213.637371	106761.833330	110567.922005	113013.921108	
105276.067369	107751.914125	110847.130001	113307.027282	114212.253145	
103115.481172	103478.587731	103576.420123	103861.984207	106112.254189	
102190.070140	102462.226945	103221.896443	103585.890295	103891.795564	
107025.681129	107234.529612	108361.048869	109146.102685	109389.838244	
95044.598306	97660.445290	99726.304850	105770.854208	107363.552153	
95766.199252	106310.368942	106971.104946	107086.612126	107568.657578	
107553.862808	107769.836134	109780.200272	110681.725751	113260.916143	
105013.719486	107880.454983	110828.267479	110866.575761	111666.605626	
93597.406080	93938.264544	98982.640014	100591.683662	101819.538596	
104904.105996	106309.003082	108349.723925	109786.988916	112396.416591	
98016.168744	106367.677306	111457.859776	111680.787388	113692.580805	
96446.026252	98259.276010	101788.895722	104526.972340	106370.253776	
94916.390435	96515.714575	97920.955323	101120.708201	101265.815216	
104767.184274	110432.953463	110551.559849	110893.996474	115595.943650	
103610.279473	104810.502976	107043.456181	109011.668766	109694.211643	
85071.364210	100859.634571	102202.157871	102222.598673	102772.468503	
103573.924056	106146.260705	106953.269558	108399.486109	114912.108734	
97267.562046	97896.510188	98604.759141	100787.110698	105198.511212	
103578.538966	105081.980243	105364.476845	105660.964379	107347.899302	
94898.622087	102988.625515	103117.700182	108467.121125	110397.173682	
95742.662498	98521.580467	104767.184274	105174.449709	107464.455348	
90767.829613	103175.597625	103225.245857	106101.387847	107183.161689	
93316.672110	96840.093495	98985.156839	100342.175240	104257.010321	
106748.292308	111584.393849	112485.458601	113456.708310	114491.329194	
105164.444881	106366.267183	106725.572910	106803.207093	107687.366981	
98128.115732	98556.683344	104893.560503	107995.817458	108375.010193	
103561.436409	104106.571585	104798.504790	105948.233034	106652.345722	
102222.598673	102513.951616	106728.509396	108659.183862	109941.274043	
105457.756272	115520.831190	115929.760646	117000.728696	118253.419019	
92548.952232	104498.874370	105849.575081	109426.147775	109508.845652	
101723.897177	106220.998127	107631.784811	109203.729529	111541.927287	
104700.507232	106488.935358	106795.364664	109017.667934	109139.072356	
102679.436018	111320.817964	111866.628373	111911.219172	112061.571590	
103870.278847	104208.967601	105443.530752	106321.414355	107004.972884	
97699.825397	102442.949145	103320.828666	107103.184109	111298.170387	
106469.861424	107478.923013	110013.341799	110430.898937	111893.019849	
106269.212557	109703.392446	111424.329574	113365.607404	113689.196473	
119497.716906	119499.096726	121024.566319	121826.707183	121997.466273	
108528.282043	109879.297303	112167.808724	112599.971495	112790.199060	
98298.121817	100801.226863	104043.091151	105150.912173	105371.892851	
91062.743423	96932.551669	98275.227037	100500.779455	101907.003804	
104265.258858	104573.317325	105308.982906	106352.414348	106785.102321	
107620.463997	109391.049667	109889.959059	109915.345879	112877.436219	
101655.321685	103217.619486	107168.067049	110388.891277	112621.893286	
89425.726985	95422.625795	97350.583434	97640.194002	103375.306909	
98609.695639	98941.239936	100217.708202	101751.598131	102225.604050	
103759.427737	105028.387376	106233.868686	107049.105665	107081.358073	
94115.071180	107727.678268	110266.854729	113189.309143	114999.830193	
94445.254124	99154.258704	103447.778049	103786.169923	105746.335295	
99239.937289	99860.542650	105339.743037	105564.222869	106950.817389	
99773.276883	103114.772919	106725.889167	106995.330751	109722.561705	
113991.443802	114135.501952	115032.874872	115442.814996	116630.971004	
93905.499545	102586.089795	103967.130727	105044.334562	106006.530802	
97152.789764	105268.713892	105929.597462	107402.404200	108688.486008	
84230.781761	92839.838133	96064.344413	97053.426890	97658.809945	
100199.044935	100404.641799	103135.401401	104154.546126	104176.913737	
102016.473381	110216.800652	110429.091066	110809.515873	111760.654841	
92849.351554	94473.249008	97442.965688	99544.970587	100402.102920	
104758.932492	105437.311028	106033.074031	107549.777847	108159.107970	
106399.701819	106765.917804	107641.222546	107985.651699	108569.290322	
91010.041615	101113.287140	107803.140926	109854.604453	111788.663770	
101515.513438	103414.128628	103425.227337	109331.949509	109402.997761	
106783.906671	109809.918111	110494.139711	112735.510153	113206.423356	
101974.668792	105774.340589	111222.325600	112399.577757	112618.652518	
94880.174245	96317.365619	98116.507559	100345.970457	101107.050688	
89891.793008	97869.352614	100256.057452	100580.007269	101692.378889	
104299.667354	104465.178154	108491.897526	109370.547548	110424.547639	
100621.081501	106291.953023	108039.561272	108108.586403	109967.017429	
98482.742439	103132.167259	104702.009473	106989.612414	107270.039379	
105680.356821	105814.473695	106335.324695	107442.227271	107508.262339	
108377.265736	108628.966355	110056.789164	111449.040323	112336.835249	
108587.903891	108968.730314	109070.352239	109254.253317	110415.525815	
91950.280487	92730.371039	94857.487900	99748.088719	99910.971514	
98554.097950	108379.542437	110133.964237	110678.539423	111130.716226	
102348.590628	104058.784014	104703.302493	107787.819471	108385.018504	
113540.197370	114494.964048	114560.165558	115828.846813	117927.546146	
107188.542506	108163.157220	108191.451394	109347.039038	110206.643799	
103205.956359	103757.567004	104451.019581	105193.067491	106766.945484	
98804.712534	105353.598440	106657.163267	106802.103946	108828.580323	
92548.540230	99675.583466	107076.218862	109966.750563	110029.544505	
98082.625331	98987.145328	104773.670075	105657.270909	106105.461433	
96753.826409	99668.698891	100116.614388	102958.499727	103700.605871	
103169.422796	103904.148467	106601.078885	107521.161015	107786.450267	
98949.472155	100323.480189	103524.988904	104012.767293	106608.097068	
97456.888709	98257.075130	103104.800610	103230.463637	103418.892849	
103208.660864	104889.874866	105511.585295	107632.504994	109450.313764	
100626.900911	105776.672044	106004.292324	108391.179211	110454.581670	
116358.095160	119811.800963	126315.790212	127144.816740	127473.617044	
101152.740003	102558.499688	105126.329778	106443.235611	109999.243563	
107991.693861	112565.522830	114376.854398	115802.479881	117698.994457	
102018.731825	103468.719967	106797.451246	107461.082532	107832.818788	
99551.111471	108626.209721	109764.714242	112749.974216	112862.559094	
107077.252007	108757.458216	110667.540786	110955.595172	111840.987380	
106253.869400	112072.407732	112220.204293	112530.792876	114290.457124	
102616.935223	103479.828821	104386.979623	106626.310573	106771.249721	
108886.299207	110078.571085	110582.881938	110906.165012	112073.111134	
93164.821307	95960.448082	98051.996874	99882.418948	99927.280343	
91987.449586	97446.608321	100802.199593	104530.042683	106737.514684	
103119.011481	106352.614808	106590.803738	106967.390003	110086.228773	
92401.164592	106182.205962	108855.810337	109742.079799	110619.063577	
101105.713449	108001.825882	110185.887243	110660.775108	111498.261322	
123636.710795	125603.597232	127430.330485	131071.173273	131130.367575	
102933.584365	106173.781101	108012.581527	109880.060448	111724.600289	
95286.384855	99077.467012	101152.640308	103091.793113	103556.260118	
104412.415796	111814.373666	113634.703088	114675.916309	115053.528995	
111511.776480	113089.729286	113458.175015	113779.054887	114924.696542	
84622.356131	94729.899442	94822.869561	95558.018476	96248.014879	
104604.481968	108807.218620	111203.554000	111432.182986	111986.049075	
99122.989113	103195.466697	107267.575346	108964.795175	110480.074511	
98473.079673	101825.011897	102336.344791	103527.211621	104005.961396	
76514.806818	86487.349142	96132.249161	96581.891130	96877.746876	
88923.575355	101186.949250	104284.895214	104707.393355	107020.772560	
89577.251583	92477.515893	102684.665343	103277.023809	108042.839324	
99508.031908	105595.150465	111413.888870	112582.487787	113474.216861	
106792.913598	110484.064458	110644.078922	112309.095505	112312.832265	
126665.423888	129560.776584	130826.562405	130869.168855	131591.353270	
112054.334857	112724.346161	115719.975039	115878.802070	117794.915751	
101172.454984	103990.870825	106321.842820	106696.668090	110798.525232	
92846.281689	96907.639593	98835.161179	100052.916792	102999.530727	
112161.318611	113382.956977	114483.598805	115047.101554	115881.120123	
97473.747843	101176.586170	106376.210882	108495.054552	108509.917658	
98426.557903	105347.529391	107199.628845	108538.348932	114226.789600	
96764.843099	98977.765711	101382.687639	101549.092185	101987.240524	
109602.849238	110044.181364	110860.530837	112080.166525	112283.675959	
90058.565702	105233.727677	106535.103412	108202.635202	108733.670497	
83436.569335	94348.817315	101766.001256	102202.157871	103040.908279	
108255.668925	109802.062477	116282.643172	118435.236474	120607.722961	
102048.859249	104919.934861	107124.875249	110040.830854	112806.738528	
93852.939129	95805.855354	97027.966192	97113.048014	98321.636095	
85768.103165	98413.463581	98455.348590	101663.438382	106719.680880	
86976.223080	93640.434464	93718.677977	98488.085171	98998.648365	
101939.863041	103447.468125	105091.964703	106316.484225	106889.567706	
92418.657939	98390.057553	99078.562059	99741.302573	101836.400051	
110920.096340	112566.738399	112810.668412	112843.219894	115217.917457	
99319.067594	100833.946172	103028.216943	103514.297248	103541.302775	
96279.721900	96406.639167	98610.945894	101476.939966	102382.372992	
97589.527260	103522.997132	104789.749642	104884.238347	106950.817389	
96775.710359	97438.584666	97484.238276	101714.228200	101766.472421	
99521.456286	102977.312279	105085.482445	106214.254397	106633.110134	
97417.615279	100584.314980	102926.995691	107020.772560	110158.683260	
101113.287140	102337.549522	103313.886148	103314.754296	103768.879039	
107892.046195	109242.119712	109489.436952	110297.118572	110983.895756	
103885.227822	105003.101357	109883.954301	112412.693676	112489.293082	
88237.078833	96253.785305	97455.461045	98158.986078	99488.880574	
100448.288413	101612.041450	105348.892338	105899.069065	106470.341077	
89651.410824	98639.061946	100233.266715	102429.122687	102521.357145	
108545.152784	109131.003987	115758.728854	116557.111902	116779.785347	
102128.289158	106114.651237	106262.323513	107095.948959	107623.156498	
96752.859705	101694.934147	103206.165675	104220.966308	104332.166845	
83436.569335	97202.412598	97598.251028	102250.576950	102393.440931	
98618.277905	105331.494917	106494.454093	108026.104065	109665.384671	
104664.383498	105118.021372	107947.103453	109227.040743	111282.368687	
96496.890906	103345.282066	103689.523081	107182.182678	108228.522630	
97039.182242	100194.582672	101170.551329	101898.420707	102247.567438	
99015.716879	104822.459927	106490.498983	107112.845972	107172.727702	
101970.745075	107688.340702	108636.252552	109401.778273	111790.638407	
109798.797572	111315.880760	112198.846312	112263.219701	115450.604974	
103492.567905	106146.324121	108202.737005	108296.116985	108460.249071	
103728.906244	105104.039047	106282.093703	106813.972720	108792.180806	
97160.352943	100144.045916	102910.276131	104259.865564	107652.433258	
103904.148467	110596.322837	111007.306625	112174.171830	112390.259310	
96020.699881	96661.025966	97318.057530	99059.227414	99649.560216	
105446.890206	107366.538949	110769.300679	113658.269330	115212.907949	
97837.465086	107415.175507	107503.629821	107756.455352	108316.554450	
98951.676253	99116.304164	100882.449955	102297.511273	105149.075129	
105628.209566	110438.850963	110714.182051	111792.509544	112744.514042	
95515.877852	95956.567829	98369.185397	100904.691213	101193.797575	
104475.021567	107200.379449	107368.248564	107534.549170	107880.041828	
108745.982394	110752.242217	111785.314187	113613.507891	113884.713250	
97202.412598	99141.694418	100197.557646	100911.139416	103524.743036	
93847.663141	101234.550320	101290.144364	102937.724353	103352.877812	
101653.380609	102047.780420	103737.325816	109604.179010	110593.358729	
104233.199620	107233.564076	108030.034913	108810.764174	110019.011677	
106761.084975	108139.624057	108430.714705	111360.481208	111974.776661	
98776.459991	99291.127129	105080.594770	106303.539348	106545.100883	
99571.753318	100810.797494	103704.123680	106427.653296	106758.514792	
103822.029041	107030.564771	107076.499801	110567.375373	111476.179667	
106716.423023	108162.241609	110696.843739	110848.569706	111044.842136	
103972.808721	113737.475589	115100.033481	115563.042667	115637.694397	
104681.820592	107299.375433	109315.401064	109849.415010	112100.279068	
91297.745620	95515.804257	100331.539283	101018.314754	101150.873536	
106263.123140	108904.814550	117396.138176	118617.640706	119475.684574	
96751.952853	99849.805600	104406.067311	106215.015612	108297.066777	
108148.802895	109523.118263	112811.798360	113131.744677	113331.777484	
105369.422966	107413.570672	108276.720426	112149.240373	113190.470252	
104053.950706	109297.005655	113343.315107	113436.781356	113691.296193	
93281.029306	103463.099764	103949.907226	104420.824727	104714.857886	
79608.268374	95305.438581	96346.070582	98357.545664	98669.531783	
97972.117864	100044.891361	100229.980588	101238.434047	103561.310843	
97352.442314	97980.214486	103154.044751	105133.886824	106881.693405	
95552.501422	105458.246083	105706.666668	107462.960605	107658.139877	
101509.850165	102348.590628	103494.519119	103505.845672	107950.249505	
104235.669476	111768.369014	112492.459322	112671.823429	115094.797802	
103592.950080	106807.736395	109803.257170	111629.756241	111715.541174	
