101667.369835	108177.856818	109356.554664	112068.943574	112385.256364	
97550.462639	99179.496794	99811.478063	101371.676322	102013.411911	
95846.650731	97630.326017	98941.239936	101053.330915	103076.805023	
97548.494207	100521.143868	106570.949454	110687.508594	113461.508390	
101493.788394	106077.558369	107982.183136	109792.424389	111839.493189	
92917.953820	99653.554130	102886.510935	105283.181182	106681.776963	
87016.601121	95022.165571	101113.783801	103023.514875	104092.586992	
101819.938751	102919.370910	105078.266824	108276.618382	108545.504953	
75093.463574	78562.297641	95953.308305	102932.325628	104111.776248	
102635.793831	104078.609944	105417.180477	107019.686306	107760.811405	
98490.136573	99164.865216	103602.776585	105121.537871	106972.040268	
98654.047478	98816.847442	103856.834120	105156.560381	105698.356066	
96109.475666	102785.040110	102927.305841	104893.633437	105649.064527	
98166.662397	114126.982278	116394.977510	121568.572807	121851.016424	
95268.008905	95883.635345	95937.329535	95943.093324	98134.500689	
93246.907588	100611.395897	105558.830330	107599.091479	107827.316055	
98414.565287	103715.549093	106568.380771	110678.997358	111531.314735	
98016.802871	98396.838953	100286.997074	101626.987673	102511.169603	
105595.150465	115171.471196	115505.025445	115779.520910	116971.635945	
88044.341339	91500.542036	94413.521234	94906.413682	96076.766494	
94298.917742	94640.412540	94937.138369	95388.212078	98090.293609	
93302.423669	94112.549317	96267.065724	96364.349038	96849.109775	
87204.775019	94607.426637	94760.929669	96606.988426	101220.099254	
96248.076043	101667.261234	102528.126521	102780.146700	104358.958009	
99795.383457	100926.707566	103360.362031	104529.129167	105171.196071	
99950.498760	106636.954400	108662.538735	111490.668132	112470.952051	
90693.742190	98561.916143	104816.057791	105348.489325	105528.963209	
105414.248769	105809.230479	106513.423836	107565.686671	108693.053655	
92322.432493	100540.125560	100697.849336	103980.979943	104737.700231	
92600.205152	97436.203414	98796.437056	104848.237253	105579.426482	
131777.901214	133501.969147	135652.497254	135853.591337	138732.088578	
97192.889179	102072.656641	106069.183958	106102.810725	106244.414644	
103867.562341	108209.341317	108988.270525	109970.346084	111747.727356	
93920.111849	96031.459137	104757.125513	104866.763705	106369.039538	
100947.520878	103691.537651	104410.504985	112538.721493	113545.198165	
100207.882815	108790.226641	110466.103841	113225.162992	116371.834737	
112085.395140	115008.875788	116647.159203	120300.134408	120582.153866	
116057.654936	117055.623059	118197.068406	118426.079276	119093.121947	
100173.244261	106105.569203	107161.544361	107176.450868	107912.484659	
95362.481193	98090.084696	98443.058610	99259.727789	100326.553091	
97980.214486	99381.210563	100952.489710	105700.131710	106236.008732	
109849.216787	117753.387539	118699.594667	118768.494996	120135.304237	
102930.062262	106779.666908	107915.009501	108829.155290	109532.227591	
104224.209234	107186.475046	108337.189272	108896.052490	109166.691328	
98711.819576	99158.421583	101229.510272	101760.452436	103417.640709	
98733.522311	101783.199111	102150.454808	103083.797026	104665.629951	
103607.468095	107610.018008	110603.680335	111074.361974	113413.918126	
99799.204469	102612.901293	104970.921151	104977.617218	106651.911108	
79472.484329	95487.442000	95819.128596	96665.451892	97532.627699	
90255.524025	95988.031496	99191.027925	100735.793908	105844.194119	
95011.538651	97382.781121	98408.499693	102286.230391	102626.189617	
96927.547974	100986.397591	101810.893666	103290.810853	103981.945418	
94363.670202	108579.267174	110252.664923	112218.619948	112468.376221	
103671.475600	106527.841146	108879.439829	109155.543102	109881.433938	
104034.430851	106742.901024	109275.111272	109794.313148	110886.328848	
94798.116854	99359.822064	101833.021937	104981.422983	105333.689395	
95362.697804	101815.168199	105115.486409	105919.706660	107154.992125	
89328.162177	90228.053481	92599.027818	92625.284625	101316.035946	
92149.354447	102255.061168	103476.190713	105074.410034	105547.788533	
108589.720354	108788.624478	109046.822929	111076.817473	113085.436195	
94043.884090	102214.159114	103034.787338	103188.543732	105125.246657	
102032.889707	102760.513900	106394.761877	106465.804671	109973.406994	
100297.911594	106054.319781	107718.992220	108357.296492	110602.316298	
92149.354447	98175.282148	105153.714754	105544.470485	105598.105497	
90460.420178	92324.789150	92904.304646	97214.385800	97845.883783	
95602.496294	100837.159725	104104.584081	106759.509715	106780.156163	
105470.286573	106344.016203	109181.885936	110450.537327	113585.680150	
96226.750683	109750.414236	110867.355623	112282.536962	112422.251425	
103696.854129	104139.745317	104917.182742	109359.212508	110955.396194	
95559.503616	97294.937995	97925.915558	99208.436315	100002.747491	
94004.880891	105098.301560	111563.072734	113128.616812	113711.167406	
97197.574484	103614.564452	103932.668620	106775.611501	107893.437598	
94786.339231	97033.102193	101052.180478	101838.205279	103215.468411	
97160.958073	106028.074414	109668.846103	110679.245606	111588.682597	
109161.266436	111397.056644	112457.902915	112524.831393	112833.042475	
98100.081429	104072.037277	106684.687012	107182.547918	107425.678698	
102554.095010	107540.763586	108333.425947	108509.790063	108644.271122	
103347.841017	104712.204186	111235.879136	113782.006585	115119.974668	
99266.074294	99883.954689	100010.237156	103938.159722	105716.035600	
87033.331676	101836.400051	107716.599785	109819.612477	110036.987408	
85105.584600	97190.477171	101694.725514	101907.175312	103477.950287	
97546.792017	102654.050887	104798.805361	105551.099241	107073.798027	
102663.859028	106483.205136	107774.711072	107791.663899	108199.347695	
102640.122942	105436.277943	105863.359003	108254.762478	108769.742162	
98707.446547	102025.593381	108599.552047	109625.016751	111130.517859	
101782.290370	103949.090144	105939.629394	107763.900914	107847.502311	
99669.783607	103352.553699	104282.276612	106894.710070	107301.356772	
103731.614434	110458.235760	111250.769478	111268.120290	111960.001354	
89214.688280	98407.922828	99051.339751	102277.956948	102983.779603	
104292.959531	106907.330914	108074.607084	109555.509519	110024.750609	
95048.626170	95714.594449	100335.107579	100985.744238	103404.611573	
103330.798729	106000.287846	108666.590932	108896.052490	110057.270825	
90694.273750	99316.865308	99728.891116	100666.984770	100987.645407	
97140.721691	98956.525632	106437.405948	106458.956768	106634.789918	
103434.933207	108733.080547	109493.283788	109863.612619	110349.334208	
110190.575061	110523.430776	111259.235709	111291.885727	114010.722794	
102792.180831	103004.658911	106318.263072	107672.765399	107855.486349	
96319.863736	107580.472401	109852.631503	113404.075452	115271.717779	
107651.743297	110376.680129	112919.705943	114704.159730	114783.675295	
106462.806914	108122.126063	108422.824136	110405.267020	110679.092959	
87251.548326	97811.417072	99714.993726	101595.592915	104100.233956	
104693.187549	108621.619360	108638.813447	111867.441951	114286.288334	
101254.740640	101824.581307	102491.839168	102666.724611	103324.866351	
102328.479084	107327.531499	108519.644835	109943.731021	110339.861482	
95565.534195	97520.257488	99208.384764	104398.765256	105769.027375	
89357.245136	89607.901420	91649.105406	97790.395021	98344.128392	
95153.385696	100800.050831	103456.454968	103663.589624	105639.171965	
106488.150281	106677.784300	108180.682204	109060.070752	110600.972520	
106774.016557	113865.655817	114188.756470	114903.041908	116021.544394	
97233.833558	97360.826165	101944.716610	104133.526505	104398.765256	
95497.185383	106917.637367	109093.785670	111671.283316	112226.262195	
105223.681920	121090.089866	121157.670732	121486.258279	123730.922870	
100571.965293	104527.044382	105470.679162	111029.626765	111166.663717	
98539.171700	101666.987668	101746.448547	101790.197550	103585.652734	
99762.007742	105963.254671	109012.129305	109498.508403	111531.261525	
99651.255194	105268.713892	109202.556691	112403.231180	112774.764039	
95630.736249	96653.662229	99425.098272	99941.166035	100855.899975	
90271.551345	94607.155642	99631.600518	107485.606190	107818.220361	
95845.442270	97289.841677	97370.494178	97899.284395	98471.869005	
90403.999932	101300.791448	105484.029129	105668.613947	107438.192815	
98585.812792	105268.081283	108345.272874	108518.092244	108861.385043	
92394.820392	92739.145428	93260.723609	97224.663444	97807.950646	
98445.224213	104343.185855	105604.821933	106755.778336	107022.609525	
91419.670891	99094.895491	102223.879648	104709.660621	104993.328323	
103753.275999	105388.008139	106681.521530	108530.208381	109327.018106	
95028.323749	97331.007061	103816.771637	104094.497098	105091.536600	
85953.067208	97478.182709	97808.197392	101050.250163	102171.258910	
99529.648237	103530.849177	110568.489426	110695.630355	112187.894498	
94960.749149	95217.273811	98183.631860	104204.112826	109108.407061	
93487.630829	95414.892215	97243.732000	98089.246379	99202.817681	
98275.463736	103635.275038	104000.773394	106304.342348	109369.659319	
105658.788223	111639.260178	111968.314411	113195.119526	115240.560481	
96430.711715	97774.333076	102539.579200	105203.863891	106028.597938	
101814.318969	111229.879560	113913.529249	114936.657938	119555.963221	
93522.940866	97849.711674	100201.932688	100749.414865	101482.089365	
100560.455466	107883.063612	108873.642652	110852.204065	111236.167626	
99553.911003	100890.879644	102044.548805	102649.974357	103257.991226	
90192.040945	91113.992758	103625.522060	106199.602582	106206.663818	
110352.037781	110871.948902	111697.321038	115483.841360	116073.937155	
98030.172992	101195.182703	101661.390196	106223.029542	106883.458911	
99779.233401	103031.557959	104992.264209	105948.025640	106082.490495	
102593.934081	105119.287929	109813.509235	111092.458792	112553.647375	
99632.121186	105067.063101	108941.363725	110054.728842	110514.867569	
100508.006192	103247.701504	104229.064705	105099.535517	106808.772190	
97905.928963	103462.416710	103546.117424	104649.775778	107566.102392	
98742.387139	100485.889354	102431.976150	103912.875534	104268.598843	
101732.934340	103147.597693	106762.754365	106924.149204	108571.038946	
95204.117872	100315.989222	103651.928716	106866.854814	107480.232022	
80107.424792	95009.727744	95208.992278	99950.498760	102215.562802	
98186.022253	103112.252214	103855.559507	109254.529299	109663.246543	
106386.211095	108668.298230	111122.349892	111755.888209	112536.977790	
104967.090042	108080.537992	112484.882431	112591.095172	114486.557243	
79090.213645	97959.486376	100718.695450	101166.435175	101857.546083	
93133.350151	102788.415339	106083.382310	106126.915595	106320.017886	
101665.647599	102091.014572	103132.167259	109392.202446	111309.643211	
101219.543706	106718.072334	108203.188305	108262.566067	108636.244294	
111678.105996	114849.446651	116220.727342	116231.289495	117843.726057	
105688.817373	113760.617763	114075.026294	114514.034673	114569.327636	
95073.132833	100669.869711	103723.456012	105231.758828	105910.455778	
108271.083001	110328.876091	113138.334973	116331.979893	119229.559181	
110718.140426	111766.605243	116735.459348	117965.094301	118226.453219	
95807.884171	102283.197775	104449.959276	105232.330190	107976.621783	
99981.194231	101176.704348	102723.987178	104399.236011	105126.562186	
96304.735331	105617.315759	107544.567401	110237.718221	111551.322071	
104912.510823	111177.281952	112798.074435	113149.751340	113174.716803	
94659.866819	101193.797575	101489.824032	102254.624187	103513.269724	
105988.924493	106111.096580	107100.404896	109700.304676	110386.642357	
104025.943965	109422.669413	109516.037142	109682.332338	111783.786604	
102755.375900	102873.977903	106790.536399	111280.416155	111741.867967	
96103.782686	104115.074389	104790.090161	108363.910788	108553.662383	
107493.605748	110613.057353	112680.618011	113611.257860	114580.469238	
98724.816861	100089.608838	101401.350359	102054.214459	103031.774880	
104280.259170	107606.443316	114449.861747	117774.966890	117944.341594	
99467.821104	100130.996183	105173.419373	106227.482393	107544.556575	
101153.667430	106892.233524	107152.614275	107927.586913	108117.402871	
103229.389305	104224.932973	104243.261150	104432.743994	105643.135721	
107859.259715	110377.001189	111754.386552	112588.762554	113730.601399	
107963.320574	108345.406210	109117.877789	110860.861419	110953.894867	
96642.925148	102960.630475	103412.580267	105097.984682	105903.919979	
93847.663141	97441.839537	100110.510732	104340.955079	106179.127602	
95644.060371	96695.117167	99800.332756	104114.824683	106132.744213	
99069.913073	99762.862522	101751.598131	103329.279070	103552.601258	
109533.198528	114532.004350	115063.572492	115512.873460	116559.544179	
103726.956707	103880.372303	106235.072857	109434.533508	110612.288387	
102125.013143	102483.297008	103086.134649	103593.762109	103803.563095	
86894.814927	104766.843703	105135.057370	106507.604429	106843.301515	
90598.000225	100436.856247	107846.911657	108669.924091	108842.373736	
101149.823351	101594.032831	104077.533011	104988.850574	107264.035276	
102763.504575	107408.946810	109211.043300	110500.924252	111374.633991	
104539.237158	107567.400389	110100.265564	113416.589012	114145.221643	
89805.196070	94867.061542	99778.378418	104219.536625	104601.772357	
90817.638292	106489.283709	107851.314379	108107.822291	109171.613317	
93992.056363	94355.368469	99353.598820	100859.024394	101966.464516	
100856.249365	103766.284419	103922.074376	104373.213176	104604.834310	
112140.393584	116061.861026	118943.843147	120109.275504	120242.078600	
98306.978248	99261.641769	104224.440377	107535.873075	108607.343389	
99360.532118	99870.380759	101025.993258	103003.424236	105637.178419	
105755.893863	106060.225692	106167.855288	108051.694746	108189.175908	
95073.132833	102006.641314	102191.535034	102392.408745	106575.043114	
95530.387658	95670.200259	97443.192516	101888.187532	103508.906781	
102559.589536	103637.934389	107211.106944	108979.706172	111164.279627	
94830.637100	107234.529612	107463.702580	108325.155945	108683.549207	
95148.550995	96150.532878	97925.534492	103031.557959	103725.846586	
97072.160892	98699.190377	99737.147250	99986.239085	100890.651800	
92619.238632	96120.272745	106930.521721	107274.767417	107795.786470	
76459.353743	92256.870435	93090.127030	94523.703176	96667.094501	
102729.229902	103951.375825	104914.577878	105734.131928	107259.940283	
103236.236616	103761.524758	106215.807347	109459.264189	112216.195941	
98025.216941	100954.697941	101907.833264	102609.604319	103176.408415	
105084.114488	112757.513905	113545.815072	114572.368723	116070.605092	
108839.539504	109894.516162	110495.697063	110529.573380	112256.165294	
97839.242380	108518.069368	109041.104110	109947.153163	110559.853407	
91678.467429	97853.955190	102991.412025	104873.421650	107324.687806	
101690.134128	105431.825880	111857.586102	112130.266129	113029.470882	
93693.928790	99035.122934	99904.013740	101255.869976	105806.100308	
96052.128512	99081.602999	105025.000837	106041.373026	108455.808831	
101387.752312	106732.062030	108878.563479	108980.906579	109174.428001	
112309.274316	113314.410533	115101.747480	115233.957793	116238.466370	
98424.566842	103037.579628	103477.848110	105515.024709	105884.315557	
100421.389098	109029.768527	109049.420327	109116.290426	110911.454681	
113386.818300	115514.491679	117492.294232	117882.742269	118608.872000	
106674.713057	106947.939290	107036.166757	108005.411298	109098.635197	
93782.560598	94401.418532	96372.097379	96660.307258	98374.937237	
98621.158646	104231.586260	105005.457391	106204.475011	107325.989640	
94589.363874	95285.090197	99329.565112	100612.569115	102816.653618	
93699.259911	98229.097967	103089.073604	104820.598099	106437.684844	
96580.330376	97880.406031	102469.361921	103568.187658	104559.902844	
97364.498807	102279.180700	102538.558246	104938.314170	105531.527958	
108537.438104	112749.383684	114158.770905	115168.692639	115867.469517	
84917.177372	105389.103586	109859.872257	111344.501009	111359.036938	
114038.618754	114229.256048	114302.015322	116305.866457	116553.086089	
98433.600123	100581.922577	102354.402186	102378.523336	102752.782692	
101365.756473	106523.574230	109175.385032	109399.755543	111805.267930	
99855.836174	102894.880542	103918.215717	104684.761258	105669.586003	
107283.359518	111854.314317	111889.215044	112289.954790	112463.220210	
93986.184817	97708.672071	99219.191225	99880.372082	100235.206340	
95909.051963	96299.799895	96368.747029	98319.246889	99049.960411	
96686.009969	98721.263034	101858.070798	102427.930975	102620.483471	
98147.490272	102610.487072	103141.084085	107876.503547	110532.227691	
93099.197900	97363.909244	98559.399258	98705.107277	100072.255690	
93891.148316	101230.364663	101709.469827	104234.811066	105262.233695	
103479.360425	103593.762109	105043.810239	106620.831674	107346.846632	
93232.418387	99225.207791	108726.848234	109733.136589	110928.646307	
92623.647159	101129.327699	101638.392544	102184.397024	102480.424683	
98534.310474	110929.095033	112499.517521	112644.011456	113514.317329	
83535.289294	97425.554238	104560.593939	105863.293537	107819.041205	
112560.577581	113516.764739	116662.695724	117525.230103	117900.282396	
105523.405577	106940.339014	110532.833889	114148.444895	114757.293992	
113986.717088	119536.532529	121326.944921	121508.608533	122191.509182	
106017.215570	107858.086850	115556.642640	117561.873412	119283.445559	
97806.709064	98304.249638	100469.769797	102593.468096	104073.068859	
109586.651627	111611.509309	112519.123519	112968.328688	114331.913897	
90574.815694	96399.196725	96545.206026	100704.858037	100721.264827	
106992.956743	107400.663192	108426.407299	110125.699288	110484.545141	
89261.592659	94567.494137	96220.467775	97023.958457	97469.964598	
90279.402219	94711.007387	95094.887149	96213.815890	96370.592946	
99344.272136	100455.198859	106694.847060	107401.045153	107966.993610	
103796.799255	106530.010782	107402.916145	107442.114222	108029.937658	
98900.510506	99844.440713	106435.023222	106444.575631	107259.335387	
84291.671389	90570.813678	91057.426264	94998.011111	96029.845042	
96759.781807	97586.395521	99344.272136	103544.040696	103986.991195	
97945.711716	100107.587867	106086.892581	108357.198463	109074.949638	
98549.090880	102132.747772	105303.824406	107221.091920	108284.687686	
94277.714502	99493.692895	102269.155153	105061.847039	106579.864409	
94174.677512	97871.606938	99715.131767	100540.807438	101280.316285	
101221.852191	103083.470211	106443.964078	106986.090893	107582.404235	
95986.560227	104208.792733	106531.675955	107767.518783	108016.283294	
95240.723090	104227.719083	105194.877591	105274.241945	106504.067838	
97804.026915	101955.234266	103332.037483	103572.852640	104995.224068	
95309.852504	107328.850494	109559.887974	112725.596578	112859.172525	
85546.914831	94390.207311	99738.355478	100744.696289	101407.045543	
115808.397047	116249.497276	117064.760928	117553.259829	117679.559502	
102846.297720	104232.590059	107247.751889	108742.845656	109784.137072	
106743.225175	107958.344700	109246.727172	112621.860327	112882.223365	
103445.124715	104819.979971	106072.330382	107484.743448	107738.505096	
94514.519430	95815.640536	100901.912506	102471.924664	102717.699732	
91774.833945	92085.785242	102741.286328	103205.956359	103236.118266	
104184.398743	106365.039818	107668.573558	108353.566268	113576.851013	
93839.513178	104243.102212	104868.371001	106346.350146	106804.722076	
91240.422799	92615.414370	93144.909221	96485.677412	96919.470699	
107170.583056	115175.503763	120379.550670	120806.657896	120981.514046	
98968.012919	102921.806219	106405.540841	107144.424066	107395.280385	
95178.853981	97731.276376	104144.862497	104495.310716	105143.048299	
100960.054338	101078.327691	105986.259831	106531.095934	108525.848218	
91719.364925	95242.987602	96580.330376	98593.582262	98816.676707	
96378.052900	106531.095934	110204.195315	111711.453138	111764.741416	
107166.552199	109930.850352	109996.663865	110632.374143	111885.092312	
95145.692970	97169.464397	98736.178796	100509.573175	101742.915325	
97241.267279	98980.886479	102163.484177	106286.516148	107021.241076	
100306.814732	105440.755301	107621.976386	108334.444563	108744.097160	
105016.308211	108157.859722	109717.273142	110251.099691	111905.190433	
96500.009289	110704.346710	112461.957400	114409.704941	114677.727347	
111706.765232	116489.431541	116933.182261	116979.159112	118445.567254	
106967.256849	109309.556543	110049.479302	111006.435517	111098.321231	
105779.624306	107327.421594	109888.063383	110076.702311	112283.479449	
116608.371786	119087.285927	119376.300901	120431.649735	120662.626119	
99250.966153	106030.360056	106556.317589	109598.534455	109730.397220	
97224.200489	97889.969824	102616.935223	103492.564391	106946.921849	
97090.116954	100526.663878	108518.127831	110387.229700	111712.616352	
96815.089662	106585.473200	108062.304886	109795.075847	110188.666691	
97999.707553	99690.310437	100572.095196	103564.875123	103679.240075	
88479.829272	92305.190505	92939.337935	96660.757710	97582.274358	
98751.306896	105188.996596	105433.758150	107053.216919	107206.298846	
99138.235179	103430.572993	104315.108404	104869.698095	105745.324996	
111160.214502	113613.061826	114427.685420	115890.501227	116197.662644	
101643.764482	103054.476823	103196.221067	103297.631230	104577.062115	
92249.408998	96264.483566	98968.012919	99817.587936	101266.544920	
109537.899590	113704.619571	116178.183450	116670.148110	119029.971990	
85374.066717	95209.547964	96621.181447	97224.663444	99690.310437	
95750.443328	99521.456286	100629.337072	101775.567080	104630.275761	
108570.296430	113231.137501	113673.562100	113909.740690	114904.756828	
104632.533465	105642.583279	106053.506628	107735.143465	108144.000912	
95293.619547	95487.687060	100759.105190	102967.458098	103899.679106	
114614.932673	114665.259505	114860.610030	119328.921238	119578.336812	
114115.457664	114778.053705	115116.943106	118856.547973	119686.043746	
106958.813961	108097.244310	108888.899047	111099.010933	112272.837729	
96448.745463	106229.395615	108797.466723	108848.837805	109549.659478	
92619.238632	96383.948353	97780.357401	104658.911410	104664.113481	
106974.587915	109503.512990	113531.725873	114398.512107	114556.735432	
98443.103505	101513.610856	103878.283545	103944.758936	104660.624456	
82406.424706	98624.563354	101225.402998	101260.113939	101848.217173	
90165.138154	97538.314287	100998.333508	101783.382599	102319.649365	
95969.773701	102897.316063	105073.610003	107627.860366	111481.898515	
100312.994063	101436.441126	102666.011301	103193.018559	103591.003465	
97357.167047	98395.137067	102823.235993	105468.888455	110139.549349	
110529.726988	115913.686721	118865.997133	119131.400134	119196.433293	
97579.983605	100107.041867	102818.401805	104762.768848	108324.472801	
95029.234758	102940.798210	105573.282955	106246.609057	106770.533987	
97135.923928	97614.515890	100515.465059	102283.274933	103654.322934	
104448.157463	106679.192749	107575.025333	109002.152836	109546.904817	
107589.340167	108361.813281	109853.694499	112020.012235	112955.071371	
109931.910774	112711.597260	112799.157985	113687.233199	114091.988139	
104501.540237	105300.299275	107650.497209	112059.525903	112607.338528	
90174.322578	92456.832965	103342.903733	104838.860199	105209.731077	
101265.425961	101774.474549	104712.986463	108406.989207	109227.344450	
97953.039824	98731.656610	105270.463133	107489.386921	108100.287793	
107383.158273	108396.613669	110833.915710	113212.968148	114914.476495	
84835.785581	99883.395402	100125.185589	100897.259283	101035.946112	
104395.814884	110340.680014	114076.375247	114202.462432	114651.321170	
106565.058360	107050.238620	109883.209515	109911.555586	112818.031468	
97287.154670	104804.021313	106191.861206	107869.151093	108643.093481	
80347.067823	92401.164592	100619.756667	101055.068674	102075.854078	
101539.785877	101731.611254	103386.233441	105373.839566	105831.743951	
101206.761775	110304.708836	110655.937460	112541.646614	113369.981111	
94266.208385	96681.702571	99564.540585	100626.219119	102105.683638	
102791.624956	104916.145975	105495.971832	106561.201567	106655.056031	
104886.132770	105247.548383	106075.788103	106253.869400	106750.107942	
111683.466214	119314.058417	120684.663625	120751.967909	121407.567343	
91588.961138	98771.301854	109090.104905	111465.844270	112437.278765	
107410.552466	110493.482128	111364.725512	111898.618742	112380.182377	
113472.284873	115823.354720	118023.813349	118412.426377	121193.247416	
95932.384048	113187.852664	114577.796658	114954.287561	115302.331257	
97918.188278	106867.475858	108706.347503	112428.186348	112511.081062	
113398.909973	113990.978878	114475.531456	115384.796480	116023.330354	
102892.422191	103154.424374	103585.703075	103594.416534	105519.568270	
99769.169156	104896.284924	107975.987876	110937.870162	111165.900379	
101507.015750	105382.907523	106440.014546	108167.644109	108254.924570	
104291.626778	110733.264052	113458.628045	115698.250735	115712.549666	
97938.002580	101639.194884	103442.756779	105336.340325	105514.482245	
102098.799365	106447.316874	107086.779103	108431.972968	108813.154613	
102644.552641	103093.609734	105137.720476	110224.058465	111570.045439	
101732.032442	104629.538373	106719.080959	107880.412307	108851.442226	
99440.887306	99643.448391	99985.868035	100086.258819	102051.765870	
99984.101974	101082.769252	101118.730853	101377.771700	103327.391494	
93749.764319	94648.489973	95549.033580	96602.256479	100142.933617	
97424.669018	101406.368275	102800.770183	103919.657805	104770.403027	
104000.383331	105062.093056	106399.701819	107496.785733	110057.929932	
114410.975301	115219.867541	116827.175098	118163.610466	118409.427925	
103633.981502	108885.547785	110511.585710	112812.730873	114351.790439	
97637.057205	104255.981924	104617.003713	104890.397806	104998.572113	
93177.335460	98949.148438	100953.946004	103798.915956	106113.618626	
109484.854398	109541.755508	114334.224862	114572.678837	114737.691017	
88495.218488	93291.911997	103803.106136	106112.135006	106559.443925	
98581.759375	100723.914501	101629.984253	102486.228394	106847.644292	
79608.268374	79766.764354	84233.894792	93141.978423	94559.045182	
97693.944895	100138.121079	101217.541869	108384.320386	109456.895891	
98608.944212	101768.592382	102432.499310	103094.690000	103659.929527	
114439.502581	115911.941668	116542.858211	118860.122589	119083.137049	
90613.283182	92954.207482	99501.729343	100533.788119	100658.638641	
92793.269174	102546.868179	102745.300237	102763.913593	104159.458381	
101029.563360	101720.565210	103870.082448	105429.637336	105452.090249	
97414.066531	100603.384611	101664.972029	102744.272039	103166.042363	
103286.336787	104084.809863	104273.603565	105391.420246	105442.926409	
103731.144889	106199.059880	106321.988305	106881.138318	107941.742712	
94670.090700	109382.399001	111686.934981	111917.546764	112010.310440	
99963.863422	101633.510351	102446.446383	102466.721154	102740.547634	
101680.648864	102334.169472	105446.890206	106861.690279	110286.337979	
111051.411082	114762.264830	117265.006614	118105.163467	118248.064605	
100619.322602	102889.451068	105394.724311	108596.877340	112121.743071	
103113.114662	105756.806385	108036.914326	108076.873763	108284.687686	
90260.992577	93802.641370	101273.659551	102437.594767	102991.871570	
96981.271366	106907.812971	107255.791370	107840.415378	107908.140520	
95866.728621	101009.406942	104340.573513	105186.305218	105346.399841	
110875.795852	111322.310067	112531.328566	113245.781609	114728.386753	
89071.477428	95227.384673	95717.919156	95875.525881	98683.926652	
100870.416423	101908.306414	106567.541614	108255.154189	109192.090070	
101362.373942	103825.343554	105971.864572	108772.789475	108814.646842	
91876.809938	97100.010968	97173.842469	97321.809894	98923.032238	
103662.310595	109001.253921	109399.516500	109981.326499	115606.121846	
99905.220544	100235.509446	106894.282342	107204.685957	110986.425184	
101405.004710	102739.401281	104917.717404	105318.633879	107444.408630	
105496.098899	109134.597941	110887.351829	111288.211210	111937.326150	
97164.939499	101753.425959	102679.436018	104879.060782	105317.759074	
106376.210882	106465.260874	107966.705625	108247.067357	108681.129768	
98671.495465	101855.599773	103714.455832	104514.771046	105729.781148	
88604.372572	99788.498543	104143.817654	105131.033983	106585.561257	
97011.518662	104138.885030	105503.633755	105564.983204	106143.455394	
86546.153410	91128.855900	94902.499258	95478.493413	97176.663323	
102270.285248	108017.571084	109418.935273	109479.726206	111664.944296	
102009.235895	109542.001121	109774.011793	113223.203910	116156.271392	
108126.221550	111920.963424	118014.706301	118037.334377	118374.113687	
87383.910218	92395.549677	93395.897280	94126.857244	98731.656610	
102549.700750	105761.630813	105848.597180	108135.205971	108570.352179	
96753.932592	97702.516824	99219.882483	100968.026624	101003.791908	
90271.551345	93944.015763	99673.304350	100351.330430	101304.610034	
98174.082255	100543.306054	103432.042063	107447.867544	111179.247048	
105227.756541	105852.332722	107080.038656	108103.321518	108864.635192	
95821.400884	95832.507581	99274.038187	99795.361267	102881.012647	
96331.662229	108789.178571	110716.014269	114891.009932	117172.528674	
103192.299612	103679.240075	109023.252084	111358.939030	111531.393811	
98834.612140	101429.349297	104181.805478	107194.719052	108777.323479	
99320.883890	101278.062185	101932.076130	102374.748815	103762.655176	
92624.641400	99317.640605	104158.245314	104643.707234	106659.255976	
112575.534527	113696.333621	116116.103024	117055.182890	118316.097364	
100715.302877	101047.736694	107979.052952	108719.361158	109339.890053	
97985.458496	112189.359807	112431.314345	113015.584388	114437.962248	
90620.078816	92624.794376	98186.827581	100435.986101	100505.561656	
110077.805744	110277.672908	110307.622892	110331.167390	111195.706479	
96199.101162	104828.885913	108444.115390	108848.059512	110291.023745	
92624.794376	93128.469473	94670.813527	101198.755508	105172.691941	
94584.575605	98493.350335	102557.946238	104192.767608	106751.853358	
107334.395920	108386.603817	109092.574842	109958.857076	110657.055764	
108004.961146	108252.862249	110126.692963	112166.885467	112264.340007	
91361.057398	98853.457064	100453.317650	102201.697707	105476.930180	
98046.710059	100841.962140	104765.311964	113209.935354	114725.154540	
101853.452001	103793.780129	104975.877656	104980.044477	105342.424160	
99009.531638	102280.252907	103154.004080	105625.459036	106618.236200	
103334.554672	106023.915588	107766.201062	108333.834397	110023.613312	
92572.848477	93371.758795	94483.161176	99100.528102	99967.538727	
112870.177458	113113.296827	114844.067089	115170.681135	120339.903164	
100285.537930	110958.684355	112385.093625	113307.870758	113515.587529	
92307.660650	97706.277772	100792.726835	101370.115564	101764.242442	
94254.587656	96657.911027	97304.678676	97545.955069	99914.919366	
114023.268718	115394.721385	116813.396686	119879.564302	120419.106740	
103084.794963	105345.735455	108732.986490	112162.007268	113163.291741	
100914.089050	101182.723430	101304.210823	103367.933796	103489.192023	
92419.555089	94739.944141	97246.769180	99090.832562	99656.556861	
92300.501854	96694.735202	98853.822832	99928.824545	100650.749037	
86121.348330	93759.920987	96922.492756	99153.790168	105618.491241	
106517.353552	110520.029756	112758.609631	113728.898459	114431.898100	
87980.371406	88534.971361	94089.872876	95890.677961	95941.396013	
87259.343628	100680.726798	102974.109413	104704.046925	105944.162945	
99201.935501	100059.660382	108639.782857	109850.832186	110229.942294	
107917.083801	113775.347081	115825.091659	117100.449098	117429.119155	
101790.033586	106370.907192	107077.851895	108454.145908	108768.440534	
100005.662277	105002.907469	106287.086112	108443.435412	109692.078697	
96686.855879	97301.753079	98161.438750	100611.843823	100852.822362	
99453.804123	104286.043105	113150.308070	119048.671094	120635.590484	
106920.860301	110420.727818	110528.756494	110617.749752	111419.491753	
110306.409946	112277.613283	117923.537228	119623.620543	119730.241189	
99706.767488	104233.559051	106690.736971	110414.798431	111091.671290	
93519.792765	95423.664237	100382.556706	102514.141907	105092.186288	
101532.399045	105124.366815	106280.366980	106508.863504	107206.354127	
93508.830018	104216.563147	108050.698671	108516.101552	111272.708463	
96992.021651	97790.980861	101758.705522	104652.739023	104856.250121	
114508.442058	115703.303047	117522.033311	119245.650907	120704.488326	
86784.452017	102034.191060	106066.375538	106084.511686	106491.536604	
75160.116344	95352.179471	96400.507983	98172.109462	98989.537874	
109907.100185	109981.980251	110434.793938	111954.085094	112692.778825	
104436.310527	111146.570368	112627.026352	112765.492948	112997.486155	
95469.937164	102140.735396	103265.131439	105666.081956	107115.314515	
97899.957625	98828.174037	102351.140022	103602.776585	107818.615746	
104684.367413	104887.042204	106757.417603	107837.042610	108711.462620	
97872.316729	97953.039824	98024.480204	98668.879564	99203.583703	
115298.523664	115619.767096	116615.396789	117290.915757	117521.285401	
99427.811167	99823.497313	100485.394864	100605.815647	100723.376536	
93517.568999	94538.889258	101741.227654	103546.094858	106108.786999	
96277.402243	97371.436445	100437.855190	100518.497381	102228.267844	
109111.820295	113914.432983	114039.966139	114524.618670	114598.301191	
106189.997061	106508.547047	109319.858506	109731.184302	110368.233100	
115574.978182	121297.257617	122134.850997	122282.521446	122284.759677	
88480.921385	100755.266781	101092.470865	104724.898343	105802.677868	
104177.329520	104390.774549	108890.646375	109866.041053	110092.611426	
111557.619983	112852.548752	115173.614811	116620.464575	116793.587756	
104690.654856	109432.570036	115985.226111	118292.560258	118311.151737	
95315.434367	95653.105843	100020.972872	100292.293581	101119.077337	
106185.441529	108540.487184	108747.194222	109736.466896	112312.327186	
92538.023929	99416.743207	99762.862522	100008.583787	100680.740388	
100886.282590	104378.981161	107044.363180	107775.089934	107927.938631	
87694.069298	97207.892301	100247.803327	100846.125929	101593.507870	
98665.744384	104913.442720	105171.858349	105307.927353	106100.570401	
99130.231557	103791.084301	104268.906672	104783.421162	104863.753096	
95911.278246	102975.173576	104269.123272	104762.479514	106027.128936	
97436.401900	106776.174902	107369.657950	107510.063849	108860.714162	
92022.417008	97888.970045	98741.723187	99803.082407	101685.002526	
100953.586785	110617.505631	111987.827469	112834.387670	116399.127014	
102264.455702	102833.281075	109042.711222	109769.273214	109824.522623	
110880.403006	115487.302563	117705.864286	118911.286726	119593.485403	
98947.817594	104332.118898	104559.902844	106630.279324	108243.622924	
113574.166202	113575.520084	114657.601449	114759.789366	115862.499322	
103198.808593	104496.035524	109557.345022	110917.587588	113529.103077	
100027.685972	102134.605922	105261.925649	107563.190363	110029.268247	
92603.249570	96793.677586	106019.030583	108563.872631	109384.886330	
94204.270861	97425.655539	102760.410655	103316.385898	103658.654489	
97841.186572	102999.739723	103217.706243	103618.246640	105167.230262	
98771.820488	105700.101561	106813.358570	108243.690754	109082.145598	
93318.251913	110030.795485	111036.040775	111194.172118	112143.448224	
101587.236557	103950.994301	109643.118929	111249.617192	111340.842433	
93894.317723	97270.032861	102284.201810	102357.732006	103881.261932	
93519.792765	101369.793891	101882.050131	102483.984968	103194.314486	
109552.957940	109851.300057	110545.704127	111113.715435	111178.491331	
83938.731794	85896.665497	88794.667385	96860.183574	97247.760254	
102159.638141	107465.125177	107555.127964	107950.075663	108232.657825	
104256.862584	113041.916987	114099.624379	114858.390782	115138.391762	
95892.111031	102407.832954	109104.997446	109320.919452	111988.742473	
102389.736913	103645.437792	110234.587798	112168.455742	112460.213181	
98712.753955	101238.434047	102546.524154	103074.469894	105894.343534	
95947.367865	101484.253241	107191.844676	108209.581308	108630.376077	
99671.126593	99771.717656	100738.690691	102899.006945	103357.923825	
94662.563203	110760.715790	111287.650804	111590.130832	111877.760309	
93624.578406	98813.881238	99084.201729	101489.694686	101981.499836	
98901.698126	100296.182820	104807.760118	105225.886912	111010.352283	
96555.750162	103359.652337	104319.299238	104328.576250	105422.611850	
100966.100674	104964.530623	105477.375425	105515.143559	106662.604053	
105054.347985	109455.619429	112701.913540	114837.600218	116469.982773	
97233.833558	102089.685645	104565.779329	105252.868585	105756.226947	
108894.501407	110367.243179	112822.445764	114905.662197	116705.753587	
99369.170530	100287.109432	101443.398868	102133.459910	102225.604050	
86921.771093	96187.812881	102912.740517	103274.030647	103445.518696	
95059.801727	96742.248016	99536.532500	101565.346596	102054.981767	
102801.752643	113236.781699	114596.037917	114945.521006	115446.912213	
97718.396187	112327.907097	112672.604565	113322.565136	116666.682034	
105243.921276	106016.706379	106390.360252	108725.999974	109109.693635	
92221.440362	95151.787177	97792.603625	100422.244246	101295.396648	
104147.581758	104152.986702	108492.196999	109871.231298	110037.398254	
122149.732468	124384.579813	124791.729378	124932.737190	125822.119126	
105830.812553	106114.542045	107251.669180	107468.127962	109784.210663	
103036.862299	103070.063255	103500.712866	103836.203284	106434.716191	
107896.368901	108306.569137	108603.832054	109061.521119	109499.244668	
95398.224918	95509.092771	98844.749707	100887.786362	102316.198231	
106690.561775	108020.294962	108352.151297	109361.992894	110114.887243	
108539.418724	108736.795362	111600.425810	112278.699293	112902.120466	
93254.246187	96295.645370	97152.389660	98143.315524	98749.318506	
89473.868885	89599.656957	90759.172338	93730.472727	100349.403085	
96660.757710	100413.330890	104957.390670	109385.323677	109684.296942	
98459.814771	101404.056317	105247.014599	105486.477214	105769.935935	
95859.611864	104017.537043	105188.884919	105439.574451	106864.517445	
98240.646210	102425.468388	111749.974208	112533.713568	113042.915602	
100088.334690	101656.184990	102589.600969	103575.386924	103761.302308	
95426.900972	97146.211689	101288.101774	102782.546415	103182.736513	
87476.135495	100565.951393	111241.121458	112872.895205	113639.119848	
108154.358725	114170.971488	115308.606372	115514.615480	117739.972710	
114791.272748	115320.071764	115807.112517	115835.650710	117176.606541	
98525.722664	101182.527593	102479.524371	103758.293975	104103.917215	
100836.395493	105996.873057	107932.710399	109687.181597	110604.921564	
98374.821216	103783.361901	104591.704372	106148.105259	107859.869092	
109072.823589	110230.417202	111067.120230	111197.400140	111316.437106	
108455.073619	109069.379537	109611.653833	109901.702650	110982.150759	
105743.010602	110753.349935	111170.102852	113332.577755	113728.644831	
98216.336895	107197.357850	109041.713303	112113.871345	112411.287532	
100990.131210	103942.715115	104710.764395	105490.516891	105900.653855	
100102.021596	101504.271765	102712.522926	102766.270508	105479.820083	
94898.622087	98471.084542	100271.810057	112160.630600	112957.443990	
90397.885515	91989.082460	95191.805258	99769.107677	99850.543363	
103644.758992	104340.229594	104715.007092	106339.640032	107753.086560	
102790.948194	105313.725400	107574.895824	107846.478707	108146.920987	
114231.232351	119403.893443	121152.470256	121574.050687	121770.833414	
94338.253372	106119.977938	109459.169702	110317.472289	112044.463093	
96585.537197	96790.163584	96870.533969	98407.037334	99141.694418	
107739.540738	107758.923933	108128.745864	109118.691458	111586.529045	
83023.088558	95515.804257	97044.872925	99756.577264	103275.942012	
89044.362610	110815.163067	111282.328606	111518.278347	111867.508203	
98744.044388	99659.634153	104616.235405	105256.919226	106438.290199	
107865.337614	109806.186950	111446.626339	112661.174254	113956.438945	
106953.602625	107337.691273	109724.106753	111047.898789	111428.839262	
102180.862806	108821.478092	110652.666266	113500.666748	114099.396382	
103894.761136	108242.835462	108739.633723	109185.712748	110446.288921	
106382.594646	108853.082462	108928.618815	109842.206409	111214.710515	
105630.144891	109516.349861	109700.087032	110203.728541	115517.683325	
94706.725325	101757.592926	109390.651192	111637.068149	112401.548474	
95822.369164	98441.258586	102589.551304	104012.044741	104021.089969	
104072.037277	104552.026224	106192.366571	106584.630385	107801.678672	
101105.331197	104770.743372	107738.505096	109374.138541	109657.242049	
93884.646927	96885.071049	97416.416532	98789.519059	99137.677148	
98657.607062	99079.212370	99902.412281	101915.164079	101979.113917	
98417.374236	102635.180478	102703.968797	106363.022951	107009.519217	
101220.064947	104410.924875	104759.866096	107171.220844	108363.910788	
110289.464753	112540.057350	113086.463264	113874.744415	114285.617267	
91480.464034	95045.360571	97574.903739	104257.628006	104869.120835	
98045.660891	103638.437950	103722.805544	105481.308771	105640.950561	
100361.917847	102427.418040	108089.788225	112190.862165	112519.596655	
99186.532338	106738.434384	107858.468162	108617.010196	108740.585021	
94548.560635	97996.602293	98426.557903	99940.372971	100542.684905	
100031.715520	102822.594299	104652.676956	108009.601892	109300.718591	
92053.955256	99952.306091	100746.162381	104894.288660	106485.382028	
108239.859504	112259.159544	114745.370303	117923.918389	117980.704165	
102094.429127	112472.577409	115538.802393	116198.627362	116851.012285	
102383.834244	103036.992971	105313.184969	106724.295433	107269.369621	
105892.349381	109045.173336	109124.346960	109911.863730	110223.646209	
98699.531854	101247.082311	101445.735354	102997.289488	104060.363637	
94765.897082	96600.833335	97626.148639	102338.888181	103205.096489	
101148.293230	108039.002336	112103.744234	112735.024306	113880.144931	
94940.675701	97370.494178	107226.837740	108605.491011	110156.751249	
96818.469357	102870.198147	105267.168535	105594.854084	105692.105336	
105444.628987	108706.633154	109090.487990	112791.649027	113048.516747	
107560.920750	109273.379948	113778.234276	113926.521772	114120.367769	
105023.199181	108925.830924	111536.141783	112130.485701	112374.261098	
102663.349675	103554.446451	104094.281478	106299.639842	106535.057338	
83775.923799	86515.210072	90035.960634	94172.295501	96665.451892	
96797.886430	110366.472449	113323.671232	114746.106279	117165.198168	
102055.906577	104908.432868	104934.140093	106186.465983	106635.845858	
97944.292973	101939.749425	104039.089545	105109.143393	105428.305555	
109978.139032	110698.027151	110792.160737	111383.337306	111704.958263	
99982.002190	105938.129557	108018.944057	109593.371519	109838.535308	
99059.284645	99320.883890	102386.895373	110771.769519	111279.921334	
97562.038663	100201.932688	102591.910357	103757.479067	106353.099741	
115854.387433	117420.203670	123921.724872	124087.127618	124171.461469	
108096.906705	109453.655347	109932.367427	110029.570938	110187.834345	
101311.604893	101828.461194	104253.248529	104427.686444	105571.951065	
113783.548130	114742.616050	118327.265539	118592.489699	119385.707172	
98670.874999	102846.811288	105027.777992	108510.086793	108867.015544	
94640.809078	97360.875514	98371.056599	106533.811441	106779.693549	
96015.763353	97984.921622	104732.820882	105094.141222	105538.196657	
105432.625522	105774.298219	106298.944008	108372.803544	108484.204911	
97521.903679	97766.966373	101085.002363	103013.679972	103658.113502	
105935.645668	106906.685525	107010.938644	109048.116721	109393.985085	
91536.577349	95929.888939	102986.256535	103552.601258	103565.292616	
106982.573372	107030.848056	110063.480087	110792.773987	111328.541856	
95186.209729	107953.895425	112278.385546	112305.397579	112902.211015	
112470.961876	113626.652254	114765.712981	114861.721468	115263.265296	
95912.768514	100674.417926	105029.015016	111122.551656	112760.559647	
90544.034205	98478.728417	99314.328224	100645.453542	100677.154756	
100983.924548	106385.894866	108538.099029	108863.565328	109665.376258	
104107.589351	106054.992504	107220.139770	108941.839081	109359.170941	
104346.664500	106144.701237	112294.655642	116436.757511	116633.066850	
104330.278883	108187.222758	108264.628963	113626.835691	113895.695752	
115980.509879	117069.379928	118660.517920	119806.754918	120668.747819	
103676.451553	109209.204588	109482.865628	110225.531240	111849.447294	
89362.277590	93371.959556	96590.127665	98397.434899	99513.472821	
102595.833743	103954.576198	105983.812338	106850.882987	107537.638008	
94506.472398	103518.064815	106499.736636	109911.581331	110409.140417	
101895.280686	107081.294902	107882.164484	109794.027363	109912.870429	
87743.659051	98561.990118	102106.423543	105911.040160	106325.369572	
103135.889875	104573.747686	105744.612097	107016.565925	108267.291413	
106409.929064	110326.426976	116106.436756	118034.213177	120515.876333	
110552.165500	110763.447871	112311.272682	112574.906779	112901.831822	
102533.919447	108650.089570	108750.486987	108781.292336	109133.953445	
112953.744031	113082.099062	114153.919064	115912.803734	116715.426504	
97251.209419	97587.517311	99330.184048	100524.578184	101692.694611	
97330.555457	106407.783846	106595.253490	112097.442575	112689.179391	
99299.853996	104728.540245	106604.922965	107026.162058	108540.428424	
104628.250680	111096.506619	113535.994448	113569.597041	114690.514943	
92049.602822	99913.440939	101066.677062	106792.874556	107703.323611	
109201.974905	111180.286242	114231.989801	117521.239968	117837.660370	
113347.748952	120200.188117	121006.441692	122901.893301	123017.992798	
108806.597702	112744.357939	113491.961522	114155.020412	114407.943147	
102434.847682	104512.166378	104571.504580	105938.615326	105950.277865	
96261.649928	96670.514579	97872.596164	100402.594633	101024.487543	
97875.758747	107377.752962	108819.815682	109232.596621	110129.046585	
91656.094026	97806.709064	102019.296616	103047.245083	105813.348646	
92846.209945	94389.481807	100993.070054	102249.062275	103837.680021	
101103.783042	102291.520425	102616.842687	103465.922386	107171.483187	
111767.537643	113095.091523	115479.559565	117339.417686	118642.776145	
110056.567443	110139.445019	115358.901162	116700.245585	116779.830948	
84465.166267	100527.088646	103235.565564	106972.095051	107835.574324	
95539.151920	97739.605289	98160.985338	101163.041292	101168.209163	
100389.738585	103074.491384	107463.241118	108395.011894	109114.563210	
104240.657338	105117.881426	107768.272952	107821.391662	109242.784754	
88893.785752	89607.901420	92827.605546	93046.156513	93951.718730	
103646.538640	103710.332173	105878.149756	106789.918037	107181.113299	
103361.256687	104706.851306	109167.558415	110829.083934	111441.508956	
102563.208091	103934.433317	106462.225208	106850.517260	106920.115941	
102256.963149	104169.366133	104955.576770	105901.918497	106736.442384	
103672.287287	104943.918499	106572.858997	107590.937076	108501.949363	
91370.179639	99750.405905	101263.442097	103108.387713	104164.754833	
107221.465629	107505.538203	110260.503197	111682.151266	114930.982990	
96712.781363	97015.695255	100319.616053	103756.728596	103940.276217	
91873.495075	98553.297311	98561.235295	98785.778332	99383.700654	
108490.432994	113106.926875	119055.055699	119055.290951	119896.309778	
100171.180143	103622.112309	114607.890102	115788.204187	117511.069708	
100746.859438	105547.192247	108152.715617	110154.498965	112023.721949	
108484.994388	111839.375923	115948.800814	118669.841798	119409.764239	
105715.660016	109221.865006	110199.013432	110586.950854	110697.904686	
106757.285472	107193.238329	107819.511737	109206.175515	109396.934265	
94900.086381	95436.252033	100083.237885	100712.367931	101363.782989	
101414.545794	102293.082007	102923.830561	106689.984460	107036.123569	
106061.076564	111613.254041	113457.449133	113803.357485	114992.469484	
103331.521974	103765.245411	104213.406230	107573.161799	108203.505231	
94659.866819	101703.913726	101823.931020	102968.529206	102991.608800	
111331.341288	113563.158899	113633.271698	113641.903772	115674.023671	
97715.054450	104636.844182	104931.565991	108159.654482	108938.184759	
92732.319652	100622.795639	101247.150488	101714.673865	102945.675965	
100217.412348	113696.797144	114281.145587	114523.932549	116044.028691	
111425.167067	113414.333653	115323.541437	117577.957996	118470.662929	
100254.996248	100651.856667	106746.731731	107548.979472	108054.703964	
105795.724493	112491.499534	114072.782563	114577.325061	116202.978611	
106760.623386	107460.827647	110095.308554	113265.076959	113745.393015	
90717.225028	105156.828135	106373.947447	106648.155896	107401.489779	
114851.868415	115531.543958	115829.331774	116345.112201	117256.027442	
100413.298953	101424.632032	105275.592213	106304.074063	106671.062845	
95758.024377	97052.871394	98430.459847	100950.474603	101188.608084	
107951.543876	108978.126003	109063.422687	112365.954844	117698.650047	
103444.683016	104711.954253	106534.898549	107574.895824	108655.862523	
91339.012617	101005.582404	101891.692875	103245.476311	104478.992253	
91355.787173	93567.197811	101506.946763	102521.486443	102930.757200	
102025.349913	104092.832091	104371.303450	107489.388294	108784.755262	
105813.348646	107689.968678	108413.492444	108414.369361	109071.415468	
104768.805861	106086.734952	108544.693669	109814.254426	110146.368099	
101855.670745	111671.814335	112525.058256	113544.885903	115057.659920	
117303.280140	117422.293091	117556.582517	117988.507290	121646.603856	
101661.733854	101878.518071	104610.456215	105926.884380	106776.594513	
90767.829613	96028.819649	99332.246451	100671.294780	102544.179949	
102248.440032	104965.239920	104976.214587	105186.305218	105896.912198	
102490.309220	102651.151167	104120.258510	105837.002693	106941.348872	
107568.559567	107624.260010	107787.832872	108417.617716	110184.998777	
102337.549522	105860.855039	109684.058614	110981.429810	114503.480138	
93920.110836	108971.181090	110745.450679	110897.559804	111405.777945	
108615.667146	111033.700933	113326.993484	115215.897709	115391.868160	
85515.288726	94177.796807	102179.929916	102900.805699	103058.261312	
90884.089858	91983.899578	94270.887655	99595.681056	100864.628940	
98604.441558	101594.452745	103660.571670	105382.184853	105722.789011	
106050.595293	109841.840676	110959.252591	112335.085951	114518.390330	
95546.131968	97123.403764	98830.793489	99349.535787	101996.765751	
98459.673548	107284.565493	108965.990563	109444.765170	110393.613796	
105595.341439	109386.864013	110635.709725	111907.880982	113342.297491	
79391.357690	84600.279650	89643.711585	91128.855900	94676.359735	
98707.446547	107513.459228	109153.287129	113901.260832	114480.630282	
97710.674009	103118.300473	103252.310286	107493.351346	107806.970914	
108694.414181	108843.487016	109436.218401	109755.817523	111207.837818	
90710.514588	102885.375251	106404.086174	106881.138318	108003.882153	
90683.416373	96500.691656	102127.686744	104942.274721	105013.935731	
104844.554115	106655.713232	106695.823339	107908.263460	108093.150159	
85655.013385	89372.611672	93099.197900	95126.724962	97976.083506	
104854.800346	106258.165011	106390.738703	106549.093235	106943.361899	
105992.765008	113638.307185	117037.900079	117595.449524	118353.156978	
92484.082586	100885.340969	100950.474603	101957.587435	103687.725421	
97482.640365	103694.964936	103924.157198	103986.836521	104313.453647	
110068.023467	112511.936633	113209.874636	114526.673911	114825.613913	
102846.005965	109245.333551	109302.541433	111580.000535	112459.492789	
111878.664424	112393.304791	114829.226944	114991.396727	118031.846816	
97589.015369	100046.333702	101155.355762	101849.350493	102117.317907	
107346.632985	107681.130544	108169.717128	108661.765392	109260.617197	
106312.418260	107101.027916	109514.415120	110026.615757	113104.872742	
105142.792619	106142.829173	106156.741650	107971.567434	108256.285319	
102443.089997	102473.689923	109361.292236	110132.067424	110514.489800	
108221.364909	111281.134750	111790.315166	112465.579938	114039.124213	
102608.079324	104121.043693	105132.884566	106591.719799	109296.456555	
89834.302066	92751.404645	95559.503616	98687.893983	102153.919836	
107064.652598	113161.130069	113905.860939	116395.586343	116472.167902	
93232.418387	94651.687378	95814.295908	97971.674895	102209.623950	
93265.359614	106217.208840	108411.850519	108507.288390	109907.371513	
98155.904573	99852.722711	100716.172533	106165.439776	106525.892047	
93173.558581	100485.401289	101838.898323	101982.963493	104135.219143	
95845.153585	96877.211816	101730.397358	103728.906244	103781.023254	
94241.889158	102349.645154	106735.922865	108551.157228	111095.976910	
95823.689118	96710.676411	101370.115564	102191.700908	102653.729229	
98639.061946	106380.983013	107091.443371	108178.871863	110869.745477	
109378.316991	113061.729126	116257.441483	117909.292594	117954.507905	
103264.192236	106276.096728	107274.430751	107792.918275	107977.111166	
106431.535035	107176.828044	107392.684075	108502.508596	111094.313832	
96769.243705	99636.635471	101672.829536	102831.786489	102888.812918	
87682.937818	107069.527642	107632.042005	109440.301069	109684.206588	
94463.562279	98703.803170	102382.507763	103093.404413	106494.712590	
110061.054602	110408.138765	110988.695172	113234.030648	113915.776889	
96303.066450	100489.824915	104086.349404	104192.397175	105910.717549	
96761.293410	99849.341617	101839.669434	102076.426455	104989.445369	
96772.081908	99659.092955	103526.476640	104628.250680	104711.952583	
125499.830327	125848.470327	127642.365422	128243.145807	128803.371703	
95464.938842	107929.351104	108683.255636	109928.229188	110840.321687	
100259.108250	101100.724892	102679.634632	104162.259972	104894.392980	
96745.163819	100429.015713	101489.314964	101779.425669	102226.304932	
96234.967151	99113.650908	100158.496964	100435.309590	100530.003347	
97490.616706	98992.847788	101302.684787	102455.476614	103340.352909	
104034.899994	106124.640978	106979.336564	107704.629640	109313.737862	
90514.050123	95333.364132	96047.490789	102369.926253	103057.447450	
110863.880859	111829.736920	112531.780108	112855.698121	113513.913496	
97944.221039	101065.893528	101206.848422	102054.573494	102884.896759	
101287.918350	104295.210408	109982.821488	111385.484958	111724.707127	
111719.107444	113526.652887	114601.488535	116480.431913	117348.073126	
108239.742364	108957.798763	110457.206455	112811.654988	114566.716733	
93961.185092	101583.281474	106440.465092	106636.954400	107658.654054	
99356.283471	107869.035641	108320.465774	109611.677273	110053.270818	
100409.181589	106568.863603	107419.934156	108844.123599	108995.939294	
97674.435772	98226.827300	100833.362835	102454.360527	105255.529428	
113088.680667	121427.219574	122587.090588	123221.970453	124240.650864	
87975.334561	89461.713476	90596.972447	97301.902162	98676.797631	
94044.384959	94458.572125	95527.904536	99016.516101	99748.465105	
92970.758933	108666.056031	111511.314475	111802.627707	113070.085743	
94384.230282	96507.189077	96876.742918	98201.973988	99335.428363	
110370.190772	111775.411690	112073.294841	112700.507762	115313.670225	
96161.044412	100404.695333	100996.514281	101228.728327	101692.378889	
103506.814160	106669.533354	108525.998599	109973.452050	112746.574555	
99503.027266	109028.810874	109745.801528	110732.398120	113698.665593	
102245.794865	103737.656978	104042.515880	104304.618301	104941.686305	
103474.667901	105227.850228	105686.143590	106525.982898	106585.321422	
102154.275625	106131.494020	110268.546352	111167.925083	112165.567421	
99034.665691	105030.675777	107168.836495	109298.623004	109534.029036	
103976.219355	107083.773225	107687.742882	108597.873562	109583.316921	
91596.799613	99200.975690	100673.227281	102341.754992	102549.700750	
92266.813758	93254.246187	95285.899988	96865.508020	97505.145520	
102049.978616	102514.141907	102533.759584	104786.050488	104993.847871	
110693.589739	111679.962653	111872.279114	112745.494992	115837.295035	
114170.754352	114244.614650	115147.745116	116263.325356	117046.553131	
114838.984652	115985.613348	116252.204314	116448.736017	117739.656851	
104773.364077	105476.146355	106230.654414	107614.133735	108732.740589	
99607.799742	106626.426234	106726.323003	107079.976656	109794.307045	
104547.371566	108774.026903	109062.609732	110021.904034	110608.635948	
98487.011291	101543.250445	105433.626397	107459.841639	107960.035134	
100562.591418	101288.101774	106196.905483	109100.440175	109809.018828	
100848.039060	109361.611338	109408.106917	112449.752968	115279.480504	
109775.158624	111471.080037	111905.958293	113990.815893	114095.583966	
100586.849486	104197.913411	104314.353589	104562.236451	104682.237076	
108781.211632	112342.726095	113641.851137	113792.328844	114898.546984	
74884.156339	92998.788983	95382.129472	97354.058374	98415.778076	
105701.895390	105745.407092	108114.443722	109646.731898	110017.685175	
95582.027189	97731.276376	101129.648771	107914.005737	108913.076331	
107264.762040	108185.592303	109190.442128	109774.063042	110405.927774	
101299.389942	102752.825424	106059.651009	107162.093547	107663.233140	
104984.317104	108030.517425	110491.365626	112795.916241	113325.941180	
98314.758807	104145.668166	105611.764463	107494.528719	107558.145495	
98393.607762	98684.742757	98863.069205	99301.718472	101024.525518	
95029.250135	95424.417087	97214.115036	98324.931183	99578.019162	
83783.511284	85379.741172	87084.603771	94373.387462	94938.838539	
104750.163505	106189.011534	106519.251702	109813.287165	110526.998885	
98403.442698	109007.118073	111088.322065	111342.701447	111976.138758	
85286.824637	86985.956064	90323.943264	96208.403312	96370.778542	
100025.172364	105041.302184	107078.279960	111602.875241	112242.782529	
104586.269890	108455.900756	112030.362847	112113.887570	112300.506655	
96745.677901	98856.417436	100815.793461	102081.214698	102453.829728	
96880.661513	102474.783627	103051.884921	103705.937951	104226.048370	
111184.866626	112394.107029	113141.981512	113629.770468	114902.319044	
108987.532448	114359.428271	115593.600304	115766.791394	116104.252838	
97482.390944	99867.367050	106308.636512	107854.631969	108744.097160	
96627.217837	100879.234317	101986.014211	103605.238939	103799.205064	
98123.696964	106824.146404	109502.156969	110582.553942	110943.368026	
98304.249638	99234.747996	101282.860822	102228.377081	102377.569292	
100049.258490	107771.248598	111655.745821	111704.194677	112806.747800	
102703.328390	105460.356097	112507.604988	112665.505520	113412.861953	
110182.129890	110734.702263	111092.699911	111111.296973	111212.296867	
91055.436640	95561.537865	96885.071049	97069.048390	97869.292422	
99600.827550	99900.664021	100003.811285	100392.870681	101034.438472	
105675.945043	107294.439878	111070.876738	111196.782004	112202.543226	
102866.853551	112090.518688	112164.460696	112436.261540	112995.331257	
95238.226041	105107.048341	105218.231807	105249.234853	105582.630943	
112070.901353	113380.507862	115159.322256	115971.313520	116833.310244	
109029.899988	110589.167360	112185.634338	112552.295761	112978.743566	
91284.390067	92273.176205	98570.460979	100296.182820	101115.603092	
83775.923799	89742.170294	97479.566652	102703.396209	103216.871200	
98126.067486	100351.103879	100803.967295	102486.506214	103253.880831	
89849.881278	94567.494137	96462.731729	100337.118434	101658.296848	
96685.392992	100136.536495	103441.501024	104869.698095	106196.905483	
100931.619151	105667.410222	106105.168466	107454.571265	107712.020414	
98183.631860	101052.866513	101806.457096	101873.502240	102939.570174	
96914.179637	98461.292494	102548.721226	103600.965496	104409.010882	
94500.159051	102566.662085	105815.352763	107117.309910	107548.712358	
98879.236018	99669.198684	101637.040310	102667.803436	105845.216961	
90886.372276	91208.115847	94115.696402	95821.400884	95892.169645	
103603.125325	104987.125879	105704.990499	106493.069668	106952.862495	
115181.032460	117331.489052	118073.052549	118375.050462	121209.489952	
100680.740388	104045.803733	104287.000244	105016.308211	105395.206922	
89778.012527	95898.736245	103146.937022	103215.104049	103763.420301	
99140.208846	101783.199111	102273.065257	106946.124524	107086.549665	
107517.408740	110068.714371	110303.475763	113746.692080	115317.008880	
103696.550205	105510.135351	107087.272712	108773.412054	111460.778488	
106937.919322	114774.413225	116427.895000	119742.293926	119788.893996	
106382.765150	106874.294535	110469.882037	111131.911044	111416.734962	
93920.110836	98941.677581	103394.432262	106889.691338	107015.171410	
110170.091948	111065.001111	111539.086760	111678.706670	112202.763726	
114553.061773	115400.124502	117337.121238	117546.234475	122751.472382	
104085.059450	109110.010977	110414.177050	111218.399522	111966.261917	
88428.653176	90815.190915	95072.765980	101035.946112	102364.451994	
101833.546540	106606.994185	106910.068472	108292.987852	108293.261439	
99437.531115	105394.186201	108307.245458	109310.468736	109995.702527	
100821.477259	101962.842283	104285.212972	104887.027312	105865.804929	
100070.222144	102346.610546	106272.932598	107360.734201	108489.961951	
103061.014569	105660.742009	106203.595630	107227.802361	107608.973971	
100632.812619	101433.823491	101635.747583	101729.101730	102771.345076	
92696.300691	97775.885503	98136.078965	98668.879564	102683.017398	
106004.949674	107233.932905	109940.072559	110125.053357	110251.503838	
97329.216678	102191.535034	103657.371383	105927.007638	106495.338196	
99294.291074	100839.059047	101162.882514	104319.313590	107836.362874	
97251.209419	104916.390876	105128.644670	105330.793518	106789.905021	
110630.059581	113257.970880	113287.994479	113333.041740	113592.588556	
106250.140178	107808.140413	110247.374412	111504.555949	115349.322222	
108781.639395	110711.354860	111065.929106	112809.969933	113423.590135	
100737.492713	106448.519847	112012.357935	112102.469713	112901.367211	
94477.186815	101721.531643	108877.698476	109177.630667	109346.287896	
90635.023273	95722.018951	96771.702100	98140.354225	100257.167321	
103940.084366	105817.910332	108644.324685	109031.711816	109071.436970	
91315.678513	93492.898128	94692.779656	98051.996874	100690.355994	
92663.619310	98043.993113	99201.301909	99755.292246	100889.383337	
109481.135523	110526.102403	110534.193504	111573.030133	111827.205037	
106610.491923	107871.359668	110535.165271	111812.187116	112192.138525	
83380.363382	83554.442189	101399.253219	102054.818042	103062.264256	
84899.081450	87998.874015	92283.046021	96078.132246	99470.973519	
92515.476041	106902.428836	109977.735456	110903.660458	111022.560169	
112791.952675	113245.502573	114515.831658	115048.477468	115198.067334	
101716.211308	103924.220878	105519.389693	105685.459491	108830.201133	
96756.306228	97604.145479	102206.228783	102542.433677	104271.804879	
102307.602481	103765.891440	105233.214770	105476.626450	110870.942356	
112266.440190	112439.450164	113951.136987	115736.163998	117772.381818	
103861.355590	108163.279162	110777.143126	111090.571038	111218.483524	
107358.492377	107492.606438	108086.906898	110022.174700	110288.399955	
109866.161341	112194.595885	114572.117027	115010.301257	115793.917550	
102402.341414	109223.281882	109463.725374	110203.546497	110417.353365	
107548.733976	110345.330526	110486.445169	114323.961042	114752.370247	
112295.307804	115649.042326	116252.204314	116466.212879	118066.944740	
106525.982898	106951.700029	107776.800965	108594.301031	110122.611780	
107777.682984	108184.538453	110386.670268	111666.390034	112275.996406	
93935.300608	97929.360070	99266.195497	99356.416068	99590.334093	
108584.702694	108889.939121	109171.058511	111903.200125	113561.183973	
94256.082705	95630.736249	100992.744271	106902.428836	107659.101689	
94021.599155	101031.557012	102077.325892	103305.911607	103844.668129	
106511.299453	107209.613400	108191.131915	108590.382702	109041.109898	
111504.387718	114344.995644	115759.092790	116128.643944	116581.668136	
102766.912683	104109.593173	104266.028808	104582.708993	104964.968804	
100131.319369	101289.374194	101728.176153	103207.677264	104494.334405	
112247.622034	112321.955959	119310.971359	120276.332464	121097.002535	
94104.154339	97280.664224	99164.865216	103523.226321	103798.152828	
101910.600738	102180.466204	102411.285806	102751.899659	103851.521116	
96997.546710	97677.467819	102548.947894	102895.561186	105043.634056	
109118.134864	114757.603881	116187.285626	118518.854869	119366.257741	
98148.315954	98186.827581	98800.559441	100596.182671	101371.081207	
107691.273031	109028.127344	111110.246303	112143.824119	114339.764331	
101845.586678	103710.338955	105942.315096	108839.989129	109184.264952	
102226.798054	103003.950529	106431.285434	107000.008504	107072.669274	
94706.588588	97901.638019	99034.147853	100993.525836	101003.587848	
99318.540999	105022.398885	106041.209362	109343.338726	109630.442242	
95572.345763	96775.710359	100419.232183	102111.646381	102611.911004	
96765.896188	97858.139979	98042.646151	99499.806620	100426.199529	
99273.120223	101206.850676	101769.733140	104404.832629	104553.201409	
108202.536421	110190.287460	110676.887600	113240.781852	114208.685664	
93890.195464	100283.314869	101399.015841	102592.882192	103552.340652	
83309.299296	98277.680252	101090.274404	104900.554494	105077.532708	
95572.345763	96372.801357	98188.453320	100481.172986	101821.780397	
96539.362958	101852.659826	107485.827236	109024.834278	109320.129028	
106782.376231	107065.471291	110669.118707	112151.101224	112254.495140	
99714.993726	107724.928884	109208.802288	111717.101018	111731.399265	
108663.872613	110873.507236	112599.343854	112653.237426	112887.555330	
105098.709879	111702.497317	112144.798426	112703.878687	113282.854455	
92857.428362	97546.951202	99730.246829	102700.367772	104761.037285	
106475.101949	119676.483376	122335.472879	122876.907875	123094.251218	
98166.830535	105424.002668	106427.215990	108461.222900	109580.714937	
103954.576198	106432.173572	107817.615616	108026.370096	113465.032801	
95820.937895	100088.334690	101345.381930	102049.068384	104240.324749	
89591.366411	99341.505147	101279.686422	101799.409689	102556.588231	
90916.464454	96817.897045	99356.589072	102833.718260	104190.410820	
105084.645660	107037.102835	110528.038903	110702.870192	110814.820706	
105293.329576	105348.347261	106679.377666	107544.738516	109196.532750	
95028.323749	96621.142070	104381.516412	106329.181316	106740.031338	
92954.210163	103908.759287	104176.763453	105911.605864	108248.132547	
99669.910899	99730.712373	102940.798210	103984.954904	104550.923003	
98826.834326	107503.691964	108636.831241	108663.127421	109072.872432	
117152.649719	117178.334681	118552.668790	119162.048483	119170.857228	
81895.124633	89449.209270	99325.862952	100696.601623	101094.515391	
99604.224650	108353.976774	108838.124664	113534.000558	114802.116018	
117761.588398	124238.467617	124749.998009	125355.799341	125899.456413	
100829.049073	103607.468095	106451.123398	109071.412008	110097.958548	
107436.231983	110086.263212	110909.518060	111088.243620	113974.364367	
90963.179756	105275.534176	105294.940740	106701.940738	107117.939724	
92512.560821	99467.983653	100849.054745	102050.695218	102755.706234	
89912.556029	95870.182946	96794.429533	98037.035607	100182.197483	
90250.964803	96053.768465	96349.904781	97281.479538	98682.886323	
102036.540122	105764.126370	107005.708168	111738.412835	111795.515954	
102729.897945	104923.539099	110616.981805	111127.496445	111367.071000	
91570.760322	98818.746006	101250.108520	102405.228525	105738.592252	
96497.871016	100407.973308	100451.750655	102236.671622	102945.675965	
100282.350812	102857.961688	105193.067491	108148.321403	108538.472651	
98918.108081	100235.268998	102395.185005	102565.207613	102723.987178	
95929.626617	96054.484113	97602.463008	98317.831217	99711.070806	
102963.221334	103029.947303	105121.262707	107478.075913	108678.230497	
115002.644544	115468.229386	120081.535941	121163.895702	123628.481135	
100313.551642	101535.467830	101635.043767	102298.679162	105296.260978	
92696.300691	104328.459390	104750.059582	110295.553094	110541.033352	
98823.144277	105372.376465	109162.583278	109462.468784	110176.603044	
103677.615516	104617.003713	107759.725537	108299.601686	109809.307447	
92053.955256	98561.916143	99532.735109	99969.454033	101516.108473	
101387.490843	108174.365880	108359.386477	110131.717860	110480.083800	
106617.772625	107839.777525	108797.618317	111489.685179	111744.811844	
96377.573005	96406.639167	96500.009289	96509.169942	100354.059551	
105264.171366	109406.231728	111699.408446	111810.053463	111907.090339	
99983.848884	103225.903297	108416.977913	116146.418297	118964.680446	
89543.420636	99992.986347	100554.196568	102827.038258	103192.285694	
113411.026349	113806.716558	121136.682744	121945.576025	122952.567913	
107485.076376	108988.128030	110464.241797	111587.874433	112607.646283	
88288.162614	89634.719236	93214.271125	93935.300608	99042.493349	
90479.058379	94285.138030	94446.466333	102815.685735	102931.416907	
104371.780735	106421.192374	115557.785642	115578.223278	116694.781309	
98742.387139	105812.306458	107568.280571	108487.054668	109815.617275	
93873.113101	103666.858859	107736.899470	107773.977189	108941.469336	
91165.210850	91768.885140	97033.102193	98017.689100	99535.777917	
109861.913396	110791.322486	110879.300118	111459.587426	112469.039523	
85896.665497	90963.579091	96340.107835	97098.504980	97903.579424	
113347.032635	118045.130683	118166.882941	118415.940896	120160.555416	
97549.675178	101770.101040	102520.379924	103270.165342	103590.053089	
103017.451469	104755.109135	107565.517208	111040.945996	112415.878329	
94598.913820	104040.467587	105396.063275	105920.918934	106266.514099	
108637.720148	111170.234421	113839.819818	113895.420471	115088.066294	
99871.365845	103847.666448	103937.365236	106612.910591	107173.760773	
101977.292513	110019.183612	111017.594381	112877.490910	113073.616801	
102972.336645	112601.702646	112859.964575	113771.970500	115792.023321	
99905.714390	102172.855668	106485.382028	108487.500974	108511.667529	
102386.266028	108035.160525	109097.670084	110247.582007	110276.880549	
102785.456843	103897.449933	104185.517041	106745.535223	107213.900485	
113636.715138	117319.409072	120399.573431	120988.486602	121195.596132	
117991.342951	118698.864730	120081.389789	120193.507886	121494.454487	
97694.523601	98701.562350	101015.964766	103664.738614	104233.116371	
97104.487550	107655.427282	107674.036201	108635.379454	110104.713571	
101263.403818	102909.304067	112838.233222	113907.129381	116157.674457	
102070.314355	106615.575097	113631.000387	116402.233163	118068.721380	
94835.974115	101388.203418	102206.560553	102446.725138	104655.478183	
88150.095045	101461.139644	102596.369346	106748.262249	106827.734540	
95644.060371	98112.568310	100211.984872	100615.911019	101068.151710	
100394.157018	108764.181752	108919.532883	110123.445177	111544.114158	
94366.401075	96475.433557	98542.412503	101770.387963	101844.163437	
100112.281939	104650.453642	109914.420921	110100.571790	110692.669978	
100319.653868	102552.908222	102856.461475	104546.545090	106843.042922	
105734.004517	106573.430326	106634.710384	106677.632402	107856.669110	
100986.990688	104060.858584	105079.551644	106648.361254	107461.882516	
88969.698692	96522.792362	97070.448697	98412.303743	98571.495390	
103210.280299	105577.030425	109529.113885	111148.144756	111648.697014	
99171.539888	101505.607450	102092.237141	102428.943686	105023.091202	
98148.254029	100584.747718	102553.099737	103687.693230	107242.374349	
103090.726109	105817.119844	106317.326051	106551.998413	107307.376503	
97651.583532	108893.778698	109008.242484	112297.909869	114580.796432	
106010.900143	109102.666768	113025.816596	114288.430892	115350.641475	
100492.443425	101560.597479	101938.082888	102265.360237	102414.018055	
88013.151611	90019.947580	97750.051449	98249.979153	99179.496794	
106715.132067	107059.430834	113328.127713	114438.413036	114798.248856	
104478.425638	104607.007903	106939.025346	108211.724579	109838.551171	
107111.523026	107411.388102	108420.031022	109082.705489	111183.643045	
100332.328464	104724.898343	106146.285658	107055.241103	107759.804460	
90456.947143	92996.427174	93746.651698	94203.062977	95094.887149	
102521.694751	103935.504650	111961.705725	114512.961630	114689.953858	
107329.766143	107655.427282	118222.734769	119047.633970	121334.465095	
101083.817482	104860.771683	108542.811498	112694.457398	114024.458199	
113109.780586	115533.755851	116570.172629	117922.105646	120978.907637	
88501.397983	100483.329157	100607.807456	102199.339708	104230.289355	
97717.574508	97853.799045	98915.242491	99254.463680	99447.797868	
99661.975137	103072.257886	105184.796576	106921.904306	109044.404818	
98827.606450	101358.785844	102224.384578	103163.254973	105752.776813	
97812.439195	103228.921341	107524.069921	110641.338765	111084.223108	
90167.684105	97823.684745	97984.921622	100159.684422	100545.611697	
96200.767646	100822.704234	101898.420707	102158.183490	102592.882192	
104752.933650	110268.886328	110858.437955	111328.837263	111342.516499	
95088.587621	102593.934081	103828.420074	104196.617944	107217.264835	
87095.956910	92970.660822	93367.167959	93824.442021	98711.819576	
110236.910834	110635.825747	114696.687216	115653.296493	116310.724569	
102744.272039	104283.775641	104826.130519	105498.026288	111631.979136	
95059.801727	103622.454904	106717.555412	113029.019258	114067.063018	
99891.975413	100900.015130	103731.727330	103929.868671	104631.369566	
100061.335712	100833.946172	101843.597597	102954.568922	104774.645912	
95963.940761	105026.622960	107042.213344	109396.934265	110304.934894	
97986.346522	105651.293909	106582.907714	107565.426879	110292.527469	
95502.089350	102659.481690	105165.393711	105360.449046	105507.663609	
110583.833805	110898.444285	111422.230925	113088.370535	113827.683884	
101366.158557	109495.384396	109517.928502	114161.171843	116692.919869	
86515.600096	96660.950174	97153.461156	97360.875514	97449.356787	
104413.436397	107554.665212	107906.282812	111077.358003	113351.355572	
102741.286328	110676.699499	112677.608066	113033.654719	114187.417175	
99660.602293	100624.582306	101775.589584	101949.761035	103732.988445	
85997.253732	103513.269724	106499.285441	107209.723891	108691.826445	
109866.356728	110885.788599	111600.621760	112053.886253	113013.988614	
94308.916406	97403.863907	97655.095477	98410.160581	100021.888086	
84465.166267	91515.798147	96323.139449	97322.297141	97842.238728	
81808.749284	96056.218747	100056.643857	102902.579070	104126.375299	
101117.834054	101267.614152	106084.511686	109295.941361	111007.947845	
104269.250503	105437.223817	106441.246222	107984.707055	107986.002370	
90994.233231	99436.533011	103690.537996	106141.522510	106559.567928	
106926.332209	110059.263237	110399.393620	110617.500189	111091.079490	
103487.168449	112122.215755	115496.077922	115567.385779	116055.073140	
101644.466937	101960.947101	106102.384254	110743.859892	111703.817735	
93615.438307	104954.816709	110590.783040	111703.483561	113207.824387	
101868.231159	108838.109917	108988.400708	111639.596956	111892.262222	
94960.749149	97057.428184	97200.612833	99362.496136	99645.370948	
98140.354225	100893.686840	101096.572449	102646.798762	103133.020625	
97739.869559	99041.179889	100359.713770	100852.822362	102851.595711	
105966.798857	114843.396207	115642.067046	121124.244111	122255.673226	
102889.451068	107136.966524	109190.093861	110300.891565	113383.096485	
98845.423300	101436.833712	105219.572644	105409.608978	107504.158190	
104501.940542	104995.224068	106091.783749	106478.144891	106518.602136	
101821.728124	107865.339697	109600.789360	110694.693461	111897.814244	
98994.119288	101194.065555	103763.420301	106199.799483	108790.545578	
94345.393047	99370.381503	99722.486612	100017.875178	101143.786134	
108133.620996	113070.485839	114161.020901	114225.431733	115264.034196	
92709.447384	97414.795506	101021.170809	104258.966699	104996.844961	
102056.059414	103364.765854	105749.519201	107933.830377	107979.713428	
110691.092371	117268.660346	117848.799659	117871.899994	118272.275498	
101911.567330	105776.043482	108044.160323	109491.786633	109608.433373	
101700.636823	103791.769623	106496.501449	108110.463544	108441.563038	
102579.940825	103348.138354	105114.094861	107330.656481	108357.196574	
107519.445800	111027.517564	112544.081715	113541.151432	114090.212049	
109821.359798	111177.444462	114117.031065	114434.691498	115594.912223	
91472.584240	98764.569608	99992.963806	103676.880630	106212.237103	
104078.219102	107187.838441	108316.846358	109689.785006	110080.047667	
99279.707608	102192.238822	103687.360757	104028.483962	106311.647339	
105829.180854	106550.791806	111455.098981	112793.974231	113151.430914	
103111.615120	104139.173401	104271.462260	107338.066908	107356.947969	
100304.710786	105611.501185	107574.614291	109595.980027	110577.007666	
98837.667647	99711.686039	103481.676992	104885.023599	105329.175423	
100110.510732	104158.273185	106110.666124	106954.509386	108716.367213	
93938.606176	101662.561010	102387.498966	103243.289259	104143.817654	
99327.165991	102320.746756	102873.977903	103741.626273	104363.666571	
91983.387901	103910.360631	111512.785860	113060.150392	113502.944870	
93842.554144	97299.171097	100688.935166	100762.631360	102836.955967	
93347.399445	104216.337064	105655.988324	106258.794225	106540.547948	
99319.193973	100528.212795	113439.242697	113677.597458	115341.803647	
108714.835528	112543.877198	114281.715369	114725.468463	117383.758578	
102485.360420	105540.785837	106645.843101	107123.941410	107857.379573	
91719.364925	108617.002295	111116.425677	112583.961642	112917.974510	
98307.312041	101122.839966	101428.454846	101479.563309	102011.972556	
86872.028959	98155.966650	100961.764952	102819.591052	103054.573996	
91103.815112	93961.185092	97780.357401	98126.670794	98345.131344	
93136.695229	95240.723090	103631.634892	105470.824691	106318.351765	
100407.018676	105160.328873	105830.768561	106918.978260	107473.949016	
100216.483965	100476.316712	101127.267308	102367.782160	103008.080185	
109707.476633	111122.206016	111393.212512	112678.829569	113343.330413	
107950.789166	108974.180325	111051.292378	113336.272216	113703.088683	
106163.603095	106951.352457	107390.524944	108266.379568	108275.694895	
98201.973988	98222.823432	104478.932480	105592.452167	109821.789113	
108774.970300	114116.941132	114400.660723	115751.711958	115803.451249	
88762.643829	95376.253925	97450.290478	97771.646775	98226.861864	
92779.534805	99361.301615	100454.088907	104134.316783	104865.247969	
92116.785755	94415.177673	97648.398568	97733.599138	99563.743394	
105402.421462	106531.252463	106568.774165	108015.360054	112818.682398	
116848.326878	118014.075810	120413.538438	121104.799026	121345.394282	
100911.488604	102468.163021	105379.368024	105972.016687	106488.295461	
105845.606005	107433.179705	108021.690800	108406.762007	109145.935014	
104702.268318	109578.059022	111494.394307	112625.186517	113748.682293	
105362.763962	106818.880378	107605.741531	109087.342112	109232.138117	
96330.633707	97239.848835	100180.307027	101642.665179	102442.469783	
99632.121186	112332.914041	114279.836266	114730.498621	120911.618162	
104522.035024	106694.636859	106824.242098	113585.134352	114525.290591	
102073.386632	102631.777080	102954.015466	103370.977467	104226.883822	
101993.653158	105169.773303	105778.766338	106637.600034	112186.748999	
95502.375464	99301.718472	102850.288371	102919.609947	104771.287888	
95859.482237	99837.346516	103507.022665	103898.586340	104077.462696	
94685.810897	102475.242232	103112.107991	109006.984650	109339.897579	
105139.958995	106334.805336	106795.480506	109523.763947	110001.835577	
96602.054036	100960.054338	101190.641593	102238.155432	103560.283419	
95767.252097	102901.661684	105684.565142	105747.553401	105937.372015	
107594.910139	109258.688739	113196.021054	115027.029084	115889.566245	
102248.925238	102498.100861	104394.532367	104956.229310	105493.688897	
107203.048663	107480.850142	109594.777620	110791.066199	110799.384237	
107950.968857	109236.497961	109349.487549	109364.558050	110244.867878	
94729.899442	95832.168085	98289.945826	100205.606313	101716.211308	
95129.311332	97586.241098	97804.388955	99154.210709	100704.858037	
99882.418948	111395.008816	112422.211404	112777.863591	113121.891547	
94798.214472	103392.551171	104805.992895	106545.100883	107427.602809	
85374.066717	94080.045135	94350.099014	95487.687060	101354.179552	
115029.804521	116098.923801	116132.329653	117526.632691	118884.778311	
101724.677297	106024.246329	107115.639764	108669.421157	110271.787969	
103136.083350	103177.640124	104284.895214	107969.938508	110951.005022	
96893.683601	104821.465793	105609.035651	107542.030499	107899.213588	
90758.757864	99325.435644	100266.192415	101641.198695	108641.849574	
98427.681235	100570.240370	104395.276784	104926.015481	105514.590368	
101924.080544	101972.097126	102075.101857	102528.433857	102885.380107	
105209.780057	106624.989754	111464.068453	112063.918363	112182.903159	
107293.383250	107924.192614	109054.512961	109498.036633	109553.954370	
88113.273308	95028.432047	96028.076674	96369.502358	97236.161183	
99281.951379	103397.278150	105908.795795	108799.027935	109034.617352	
99564.954404	103692.475550	106010.442948	107678.838483	108159.654482	
99532.735109	100912.693743	106118.185402	106832.168258	108886.563126	
95100.230842	101774.474549	103229.179962	104359.174398	105433.306820	
111568.700947	111786.715495	117379.232550	118367.379876	120067.576203	
103404.617928	105964.200819	110377.393850	111221.672619	111535.980427	
103602.437299	104343.213370	108613.772688	109917.452722	110163.880700	
108502.270757	108676.282301	109213.780611	109330.796330	110198.401864	
94869.843588	98578.963734	103535.326089	103573.019479	106378.619145	
97629.709113	99360.278235	99645.661014	103522.682096	103545.945037	
92142.865956	98340.915323	99957.504565	107618.784377	108116.568085	
94023.747034	102983.557672	107156.791706	108056.523038	110231.169938	
112051.911753	114355.561125	114369.219448	115137.844148	115893.786776	
111806.211008	112861.423958	115543.685650	115771.895558	117278.475945	
104145.284605	107760.523782	110037.603266	113688.783119	113742.351824	
88501.397983	101381.799576	102032.889707	103137.503572	103309.994871	
104791.145911	106601.686818	107018.954929	107699.944629	110375.264537	
94051.009945	97762.398383	98167.730090	98593.236980	100149.311358	
96960.528087	102551.189286	102886.017680	105407.594925	105984.862863	
107265.088212	110662.798825	112616.824394	112744.124808	114063.827567	
103395.057731	103809.296783	105275.982303	108138.333644	108771.232096	
115374.389370	116704.803416	119307.117752	123008.304691	127568.811019	
102960.091500	107285.428924	108517.622819	110793.201963	114729.860273	
103717.760800	106812.222808	107398.242462	110661.157324	111679.022629	
84699.507239	92992.489849	93648.000887	93784.540172	94572.518831	
82866.471002	89714.368709	94692.779656	96029.598967	96985.380558	
107332.112094	108561.198382	108946.104393	109803.167273	110934.516785	
96998.481663	99893.238267	102290.115084	103093.363046	104413.436397	
110449.118965	110855.128716	111431.258188	114668.683721	115565.912076	
95954.933316	98906.932572	102308.970446	102315.361630	102808.433109	
98007.945565	107433.979436	111641.023512	112533.713568	112783.791438	
94377.460907	94464.184296	98827.276517	101277.537039	104248.446765	
91059.589868	91536.577349	95838.376662	102118.793726	103557.595994	
101544.446590	105818.124130	109224.908859	110305.164294	110746.733084	
85997.253732	99337.551199	102130.154576	102458.273029	104288.518325	
101164.924654	102441.310547	108772.683451	111781.110401	113874.610833	
108081.341819	115435.634239	116283.229508	121605.649348	122167.240684	
86195.122985	103612.887599	105956.882184	106162.195679	107070.870114	
102206.560553	107500.569456	107911.807105	108970.596824	113099.896056	
82335.590737	100146.476132	100692.963633	101159.501430	101838.898323	
93883.952688	97922.904475	103646.981462	103966.837515	109718.174886	
95112.499252	100308.798947	100409.681123	100761.725943	100824.655642	
100624.582306	106183.947597	107047.879326	109040.124435	110037.257246	
95224.985657	96996.567148	97881.605623	98890.751392	100864.628940	
83783.511284	90602.654157	93877.231719	97676.708995	98147.490272	
100424.834025	100653.706410	102457.522983	103221.896443	107142.676063	
95986.560227	98388.947389	98897.060451	100291.933401	101466.399679	
103686.342171	110466.156651	112996.122720	113684.912023	115177.008041	
91851.917321	92693.582456	103383.537392	103640.599765	103832.952822	
88048.692336	97243.911060	97568.602314	105753.125418	107397.490545	
96607.833054	97692.948153	98604.759141	98905.238895	99294.219618	
103073.052887	106953.485990	109204.993865	109684.441651	109836.878071	
96346.159435	100831.301778	100970.618806	103290.521285	104298.822919	
100430.809369	102650.335694	102785.040110	102895.398583	105486.462560	
105794.106746	111790.212039	113049.260193	113285.384303	115356.606928	
98145.466155	99852.667475	99867.860910	102966.963737	103187.114543	
104288.825795	107727.013028	112446.800834	113431.202453	114222.424212	
100827.036411	103322.391862	103784.059133	103843.064743	106353.773873	
93586.424656	101109.894102	103873.685564	104201.406600	105967.331421	
103433.799924	108210.620888	108379.924137	108473.071923	110120.973234	
94548.560635	95979.344712	97164.074397	97836.807657	99159.736964	
92839.838133	98623.732126	99669.910899	102347.827911	102609.355209	
98320.075459	107708.223378	107938.706152	109021.397290	110500.728260	
104878.473484	105118.801131	105640.734451	106692.330907	107180.024304	
118490.314418	119971.011934	121716.531173	124678.492696	124975.863915	
92884.660119	95735.741542	97104.487550	97164.711930	100305.678118	
104703.175681	106905.648783	107631.832963	111787.393076	113831.237701	
100542.006781	105139.097245	108026.500953	110632.937445	110820.149199	
116498.909363	119259.319385	119417.243757	124240.252382	125361.679565	
102145.821523	103403.935803	105107.799865	105939.935162	106129.482232	
107127.954523	108762.559886	111204.501536	111650.438822	112829.796023	
98018.042671	98584.604071	100472.358453	100658.601472	101493.788394	
109251.083755	111762.669705	111988.004463	112008.048391	112307.378822	
93292.810860	107829.844376	108724.692744	109482.697080	109504.909349	
109520.952526	110280.113242	110770.015454	112493.134124	113753.233711	
110567.375373	110674.372018	113209.709904	113792.729988	115186.356395	
100630.707979	102330.707648	102858.749251	103814.406098	104000.967358	
104115.282003	111369.880581	112447.889435	112849.374088	113760.425146	
100323.272724	104151.134729	104403.250341	105973.143884	106411.178270	
105245.064104	108815.437240	111153.393646	112122.455515	112995.087614	
102501.094387	106393.553486	106469.998131	106995.357020	107379.104985	
99372.215112	106343.674945	106483.071906	106839.259949	108545.522136	
103122.284710	108333.733160	112156.642312	115094.142253	117716.609703	
102078.047885	106649.873937	108995.135715	109370.228202	109383.410397	
110485.871096	111440.093872	115550.548595	116451.016598	117665.425743	
109335.573587	112908.845533	113312.804715	115073.482562	117439.074695	
116170.484923	118702.536868	119349.026065	119864.062710	120245.027087	
73639.700749	94399.412422	102772.475562	102885.310634	103013.276253	
95285.090197	111462.858922	112213.199107	113325.503798	115186.367112	
111317.645272	112565.581249	117147.540129	119088.138610	120006.973467	
