96162.251805	96224.495888	96980.782213	97710.474177	100848.176363	
102909.550643	104867.232160	107005.990095	108659.013899	111629.489552	
110170.337630	112930.120448	114677.727347	115123.331495	116970.695948	
95376.253925	100393.507958	103207.959575	106830.046740	107114.496536	
103701.156672	104530.487772	105177.332550	108398.169158	108607.523212	
107148.935295	107175.270094	107464.785555	108548.673956	108578.938917	
112906.941806	113004.512808	113119.990334	116625.436703	117109.989567	
117109.236271	117888.074575	118439.446597	118460.360626	120137.565114	
106155.675501	107924.422783	108770.662656	109982.837123	110220.609578	
86833.439807	91089.131164	96263.397881	99830.436425	100135.327127	
102141.694543	108359.253589	111184.469138	115939.144700	116378.570693	
101418.683067	110921.925478	112410.489455	113848.358168	117849.747363	
106149.279868	107760.828374	111311.310617	112568.602802	112785.010945	
100543.079956	102255.137214	103694.567189	107028.285863	107929.967234	
88825.921196	93905.475778	104164.627908	105903.835796	106500.970166	
98554.906251	100454.088907	105952.291223	107490.924230	107954.386301	
93295.910646	95634.318433	97814.876799	98608.944212	99399.150901	
90571.155780	96463.487539	96511.298148	97874.911586	98100.494630	
100419.339145	100485.394864	105144.451008	105305.333542	106339.836570	
106421.611342	106854.170617	107232.225300	109565.662535	109772.957449	
104718.120203	107614.281907	110859.445577	112528.156414	113502.717928	
106126.894171	106614.427061	107019.039299	107924.047828	110246.474980	
107866.582495	108363.072616	109119.313728	110042.798150	110405.954038	
90201.903848	102539.046026	104081.112044	107092.553071	107993.177882	
95382.313116	101962.842283	102503.380728	102941.413765	102995.862847	
98222.407440	104621.658395	106186.993158	106810.342603	107038.454521	
93206.638023	94937.138369	96894.095077	99001.431868	99469.566205	
90382.492524	90620.078816	93099.862151	94640.417042	98996.316511	
99404.987457	107029.738589	108358.332990	108534.784945	109322.623742	
108697.828589	111615.964702	111817.326911	111977.778040	112731.687444	
98167.965442	106098.970904	109435.191881	111574.183226	112240.004075	
101185.857800	108330.722540	109080.251823	109318.771966	110198.127306	
101813.242419	103275.372430	104959.172887	106711.475278	107564.078848	
106863.982972	106942.693972	106986.144586	107856.779813	109073.962653	
107069.527642	107104.459343	109437.990422	112035.947101	112951.456523	
91535.788124	99981.440976	101633.760595	101958.404790	103154.998340	
98294.907390	102101.922519	104323.497754	105097.667656	108389.218507	
110907.130979	115305.120690	116547.432382	116583.535585	116608.876680	
89229.032747	95622.746531	97174.575879	100156.184846	101544.323253	
114675.827424	115342.575218	117209.052141	117250.613948	119223.789887	
103542.591528	104383.022199	105008.292630	109498.896448	109682.796852	
101760.646049	106161.566491	108997.041409	110726.841666	110859.233079	
102927.254618	107842.542724	111683.631704	114444.395051	114730.992537	
97449.561173	100693.899526	111558.494096	112701.096692	113404.677301	
101547.378711	108129.630201	108272.615990	108493.731448	109527.952092	
78779.195807	90830.869178	102881.012647	103537.014155	103568.747948	
94862.948512	101264.536027	103561.062344	104312.758282	104596.871207	
110248.901545	110348.275487	110676.927999	114048.036296	114445.884597	
104196.539306	106199.755869	106683.901082	108389.358466	108592.566862	
107585.399368	108084.555220	109253.947073	112679.186899	114358.377279	
100401.013387	107447.801328	108448.407477	109000.343657	109051.921941	
104962.866723	106254.728235	107552.365095	107808.070388	108669.517400	
84436.711700	91919.998893	92779.293862	93603.571068	95342.058959	
89265.172001	95439.920789	97437.097283	97582.274358	97751.838835	
83021.437332	96471.530938	98684.485095	100531.956246	100550.307241	
93628.996925	101333.571604	113496.397311	113924.209810	115312.632789	
102266.641064	104855.606946	105180.445271	107452.702235	108433.454968	
94103.575880	101383.481128	102665.285311	103173.781305	103292.206310	
109642.211225	111374.033315	113030.776472	113115.641721	113275.578238	
107104.319916	111719.987535	115359.741810	118471.935103	119884.212775	
92621.597589	99554.294975	100651.856667	102675.385664	105662.754939	
102273.704455	103429.588199	103436.774182	104096.139469	104122.080444	
95812.462100	97490.616706	100067.801879	103029.955023	106806.410287	
99957.443134	102533.429643	106416.277007	107676.216610	108557.927632	
93601.502432	96838.745950	98831.239700	101907.175312	102027.700301	
99967.538727	100796.035988	101515.513438	103317.266156	105152.577881	
100988.978260	101853.642185	103724.888288	103840.722382	105608.440911	
107328.207957	109508.022469	112192.130897	114139.552386	115538.106347	
101416.794997	108159.556399	110862.286367	112256.555970	113416.766398	
107228.272444	112305.149253	112427.933016	113872.480740	114858.836081	
98393.607762	101445.642277	109440.852797	109851.130520	109910.394351	
106514.213457	110128.578096	110247.643639	111169.679911	112347.987820	
104268.774153	106838.044402	107500.641642	111712.710787	111961.239503	
100141.939771	113922.346266	115142.306456	115565.768272	117162.871469	
93298.055558	94973.224501	96114.607403	96455.330158	96711.109619	
95635.104648	112133.199468	112795.368613	112801.032897	113524.965826	
107781.585257	110536.124618	118253.013402	118944.627183	119305.622695	
99982.002190	104538.913654	104911.671424	104982.360420	112445.513967	
102473.368261	105894.605661	106150.243255	106552.094931	106983.579857	
106765.917804	112399.776272	114054.269856	115839.342120	117626.807737	
110557.953847	113033.425596	113835.134005	114577.242734	114857.555793	
112613.920759	119195.236611	119785.812869	120073.935994	120682.220401	
88755.454295	99458.794620	100850.858441	101176.122514	101266.724530	
105782.969399	110542.861638	111186.976700	112972.764100	115356.463125	
109074.910265	113396.940807	113613.366771	114585.948522	115880.361949	
96173.035291	101057.065865	101819.068881	102134.776661	102444.935103	
98970.447776	100967.316023	105282.785550	109022.179658	110120.940881	
99966.211266	101527.837930	105184.814867	109460.800790	109816.463007	
108138.204656	114985.529832	115505.108546	116044.750984	117017.277211	
109019.031696	114974.202169	116099.700044	118455.037360	120587.564069	
108427.064698	116799.679901	117219.473633	117277.942612	117410.963598	
101105.331197	102180.378820	102953.784282	104997.543981	105614.109274	
82708.355921	83661.378501	92977.828075	96292.156433	96867.980812	
97294.876495	103279.468803	109802.828341	110541.033352	111199.777279	
96683.201827	102727.312093	105648.613594	108844.422621	109666.503772	
89101.856603	92486.664483	93684.441671	98614.670356	100193.962027	
97246.805202	99006.459581	112920.658150	114934.648335	115847.356397	
95964.591196	104967.354545	106304.783980	106833.565719	107554.443008	
109392.044230	109499.244668	114147.617885	115457.412012	119326.549426	
110592.227403	114782.008157	115848.730615	117844.513974	118116.556516	
102165.547794	103103.981244	103670.515319	103961.493580	103987.783329	
111878.468824	112062.212648	115340.139241	115384.436423	115659.883552	
107002.376579	110453.958637	111355.171678	111871.882652	112412.286331	
88981.596988	93712.417745	99291.236002	100328.785107	101563.887807	
103041.126261	103996.198520	104782.691882	107182.160947	108108.106269	
93263.959070	103666.303693	105434.877242	106041.782371	107172.990220	
106420.661545	107445.811345	107584.182811	110943.239309	111159.060464	
102046.732927	103820.553657	105619.307649	105992.803946	108250.320492	
110330.040603	117309.835193	117884.749017	118686.815000	119563.589899	
98818.746006	100517.947261	103148.527352	106051.015360	106267.097143	
105578.464387	105735.531753	106032.638722	107139.835083	107996.803120	
104788.668642	105165.393711	106021.189907	108189.222391	108757.117084	
91055.436640	93879.356309	99310.952914	99398.522093	101473.513666	
92454.022262	93410.572587	93689.342472	99849.969073	100243.923042	
78235.102556	98918.754968	103893.885498	104200.381403	105817.119844	
94210.657465	94797.845384	104453.358567	105028.127928	105805.101253	
98853.858378	102494.057120	105434.605393	105665.639278	108129.695014	
89449.209270	103422.154788	107172.653679	109993.637509	110175.178615	
88534.971361	104705.211536	107898.162658	108512.945454	108688.523131	
104983.839913	106613.447283	108694.449107	110202.300057	111126.276178	
97777.518491	99452.473002	105284.185803	105455.317824	107781.650057	
108685.867348	108972.529989	109338.158306	109640.435170	111564.886949	
94835.974115	98484.666198	104662.713518	106280.650486	106283.341729	
101523.579151	102375.519099	104002.693463	106039.372059	106576.456168	
112389.144300	113190.260362	113563.691026	113825.990550	113878.988572	
106887.802180	115051.579762	117280.143203	117722.361219	118033.152407	
93912.911462	103582.899120	103686.416830	106167.889901	106513.252010	
94517.143592	95362.481193	96805.095755	101320.816844	103376.912746	
100453.145595	102929.538081	103434.892180	108215.410019	108255.903363	
104180.492283	105006.502241	107724.040477	107768.272952	108040.335505	
107140.345799	109457.760534	110958.912619	112403.296687	112852.479900	
95423.472650	97552.775998	100126.609114	101185.857800	103219.871124	
88013.151611	97186.784041	97863.652039	99233.937871	102054.214459	
106692.330907	114157.550603	114940.612564	115215.528999	116484.685504	
91750.768261	101415.537778	108174.034009	109152.678221	110139.466760	
99532.101931	100156.184846	100747.339187	102430.741261	103726.996477	
98086.245000	98213.447727	98811.614802	104707.821023	104796.765963	
101759.699572	105096.171482	106565.058360	106913.658751	107618.275515	
97751.848190	101896.597055	103242.928162	105428.214795	105722.380223	
101365.228212	103473.042187	106129.064760	106378.888910	108392.646779	
96629.271837	101687.282385	103213.829893	105314.708192	106394.761877	
86857.724450	87095.956910	91595.220546	94691.327434	94837.268313	
85470.778765	92244.541197	97113.808533	98887.558623	102257.686440	
100638.534327	104172.200012	105262.715140	111188.407086	111417.511920	
101635.908961	106366.267183	106424.872241	107844.246191	109108.589546	
90313.516479	90637.270035	92939.383943	93267.982983	93682.108515	
94640.824161	105956.882184	112172.962307	112299.378460	112863.493187	
92832.885492	94280.034307	105442.264220	106235.551071	107787.473500	
99563.743394	101313.388948	101664.392938	102556.436837	103935.065789	
103080.240002	103685.425021	105593.389356	106104.974828	106407.289293	
104079.215414	114015.769441	116960.924973	118899.131746	119530.083528	
92446.471983	103345.678976	105439.801311	110263.141599	110329.412638	
100505.864547	104514.723180	106079.250834	108662.847842	109041.767544	
106522.405689	113356.201934	114663.514556	114833.706543	114882.110649	
106018.938576	107326.656870	107570.993437	109632.603018	110415.706288	
91753.031816	98539.408266	98714.762621	99207.291901	107525.444104	
108673.982350	116399.406555	118866.668471	120090.131640	122126.197337	
93492.898128	100391.659812	100624.308658	101885.707539	104366.447796	
102944.885597	104831.145980	106888.041663	108056.523038	108750.628444	
94509.727436	102517.835870	107677.175231	108110.215472	108171.696281	
101777.404432	102846.015066	110592.455537	111670.149710	113584.590156	
102439.680506	108209.448336	111184.430623	111598.906123	112520.686208	
94916.390435	105491.841368	105618.809046	106808.842870	106839.853204	
111072.990645	112236.983817	113677.262979	114820.046206	115886.019800	
106459.700781	110657.915164	112361.588854	114337.013320	114548.915770	
105103.083966	105419.179555	108646.745707	110125.503923	112097.803270	
108613.314089	109149.944854	115071.913245	115234.676803	115553.771544	
93340.469316	93522.940866	94436.512488	97975.049250	98190.423346	
104018.262704	104243.795222	105304.492017	105740.512093	107352.761713	
106750.877850	107979.998472	108247.703041	113672.041316	113986.861127	
97538.314287	98618.277905	98621.158646	99167.996736	101744.580815	
101665.117562	104952.308335	105742.762510	109949.654502	111194.273400	
89087.825206	100926.574696	103239.114370	103967.130727	106065.226365	
102197.815817	103445.702361	105250.863639	106265.339632	106589.988817	
95095.626346	97607.829606	98543.545932	99437.531115	101240.554001	
81152.893736	101308.542199	105586.098101	108099.192537	109138.948210	
109001.104450	109077.034125	112423.456084	112650.932120	113785.308702	
110312.151304	113929.344582	114489.011720	114888.877927	115822.730629	
99555.526222	107676.825699	108325.771798	109655.947292	109891.998018	
99051.504743	106811.200965	107139.979345	110973.897257	111613.662910	
100571.928000	103821.131700	104149.293636	105879.822139	106493.069668	
93912.310410	97546.792017	97795.336902	98346.381418	102023.382281	
96966.027539	99703.015898	101556.466926	106275.825940	108293.088671	
94767.602406	104992.806773	105617.461107	107391.572774	110953.092657	
103911.854139	104164.958720	106152.889787	106545.432376	106965.460240	
104759.866096	114476.338358	115050.432731	115524.813170	115679.539860	
101899.965154	102480.443161	103348.138354	109278.181552	109301.153155	
101836.370853	106897.830196	108348.993845	109965.236553	111081.743976	
105634.652819	110068.468449	111184.806996	111882.624651	113122.791440	
99303.928330	104367.741999	105927.455076	106071.652210	106575.722923	
100746.162381	101891.503644	109806.186950	115141.157216	115445.923755	
100534.237731	100708.721708	100801.226863	103476.381513	107499.984641	
93041.112776	97944.221039	105839.290037	107589.340167	108557.020462	
95736.976098	115632.233003	116805.984920	117070.752627	117360.702305	
105549.229324	105605.382245	108300.780184	112806.033475	113550.608388	
106437.684844	109134.979482	111189.874549	114655.394906	117398.088655	
96865.463616	97762.274765	99004.462911	101567.278977	108141.850095	
99244.952298	101169.081369	102934.535817	104267.028203	104806.103777	
94970.832267	97589.015369	100122.923790	104287.207678	105215.602251	
115253.385813	115363.505010	115624.174998	116213.127313	116313.316471	
86642.613961	95134.028281	99088.344630	100599.363417	100734.615664	
94719.741147	94850.682825	98201.042096	104559.061090	105254.066091	
97274.051551	106367.544107	109422.620709	109488.057359	109881.602075	
98779.971310	99332.246451	100172.505547	100619.756667	101542.738983	
83439.148874	103420.708310	105225.886912	106969.119362	107758.491892	
100564.450932	101008.409523	101841.599487	103147.710936	106448.844811	
104965.239920	106433.293815	107223.077878	108824.780669	111953.521695	
100225.490587	109669.293051	110885.204030	115862.173773	115960.408651	
108336.274494	111460.727287	111887.936688	112224.124595	114600.354816	
98340.449817	99145.515657	108246.044294	109828.055955	110196.005110	
103187.114543	105554.533222	106143.830787	106408.129169	107322.792843	
107079.801961	113767.372553	120337.028146	125740.110459	125870.409603	
98636.721629	99327.165991	101350.315039	104014.233382	104729.681872	
104025.944193	110660.979307	111607.616751	113175.389948	115809.029194	
95758.024377	102261.741418	103317.305851	110103.583033	110794.718402	
100913.966500	104457.943064	105776.043482	106249.821995	108891.492501	
63550.892855	87191.431261	97371.436445	98427.608342	98761.047883	
85239.618676	109409.456172	110571.763848	111890.867739	113425.950263	
108594.301031	111171.743299	113587.364416	115524.738301	116140.407814	
105373.029950	111823.346444	114436.472703	114491.122836	114893.165192	
108498.798437	108818.740823	108979.316093	110403.422271	110649.705226	
111966.472577	112692.323419	112899.557036	113759.000271	115951.516054	
102683.833460	104760.374689	105868.259996	106787.051185	107294.613405	
105755.209216	111221.696377	111241.322752	111305.261935	113173.182943	
94953.515078	95044.598306	100098.701712	101870.816292	102584.885419	
95875.525881	97931.910347	98550.143086	99326.686500	100519.710662	
94447.928447	101620.975271	103352.479148	103837.619977	104508.062607	
101293.049589	101469.384121	101613.616122	104141.958294	104934.930883	
95623.260069	96767.296113	98101.464810	98453.983073	99230.087439	
86893.935417	95279.901272	100186.229433	100597.190898	100741.481460	
101092.105614	102301.311936	105266.922996	105954.658958	107086.549665	
106890.111924	113664.367400	114280.161338	114760.027610	114775.621344	
94381.820914	104167.350803	108608.290044	110099.582930	110311.615390	
94346.800824	94408.746211	94823.464224	97336.668850	98367.214563	
81327.815552	98514.935665	98543.815353	100871.201867	101036.380813	
94347.546871	100207.377436	106240.471452	106507.139552	106798.206259	
99753.334084	104533.001532	105157.513221	106230.035252	106657.826017	
101470.002563	112692.066195	112733.240559	114380.304447	115000.786060	
104537.586252	105518.263251	107126.757023	108275.799656	109904.872337	
98396.518937	98800.285940	99720.982762	100350.494842	104002.199646	
99841.849447	100749.356331	101582.161655	104488.806380	107927.904190	
92764.531742	97014.112391	101837.100052	103022.538310	105595.783066	
103995.048220	105488.355369	108663.449029	108743.748849	109741.110815	
99195.940422	111043.598164	112709.087163	115255.754947	116978.982494	
90717.225028	90987.686499	95413.003874	97294.937995	100986.990688	
110531.138522	110560.581861	110892.340264	111417.725182	112434.951696	
100640.056424	108681.916028	109386.221047	111954.484921	113056.622436	
103705.165179	108077.486953	110211.686734	110313.198500	110785.449174	
106061.052530	117026.842333	120201.234065	121668.518988	122279.989534	
100260.662481	100391.659812	107080.756111	108716.108162	109185.221070	
100560.348171	102014.696624	106542.317938	107337.912250	107567.356537	
102025.349913	109520.611917	111907.117031	111938.254241	111985.738654	
102245.794865	105048.951906	106496.615306	109980.067244	110207.353032	
94804.972703	98431.761444	104024.668134	104822.998895	107503.575589	
100545.749409	104878.003144	105409.808003	108844.464751	110467.454207	
106922.773160	109359.170941	110987.266023	111112.152884	111170.221311	
101648.773656	104358.652005	105598.999203	107308.589875	108374.633266	
90390.576287	98757.947118	99758.563181	102521.694751	104699.295892	
97169.528233	97703.750241	103073.052887	103987.092234	105530.494773	
105717.094528	110583.930849	111199.134879	111885.316557	113151.888064	
96825.212951	97645.415950	102819.451668	105495.971832	105868.199824	
90460.420178	99808.564820	103864.046469	103974.366444	104155.558161	
97972.117864	110516.564866	114703.946511	116249.890484	116476.319805	
105911.564846	108574.850738	108904.479945	112101.074152	112200.095666	
93872.945533	96983.552895	101278.822030	104049.837014	104394.057946	
97057.428184	98100.841864	99408.622821	99755.908006	100599.363417	
106717.581120	113752.416310	113920.723345	114706.460166	115903.541137	
104906.105233	108094.997998	109756.787434	109804.079674	112619.975093	
92538.023929	93890.195464	93970.397990	99868.820390	100108.902524	
102226.509857	104760.962073	104970.194014	104984.860306	105884.418980	
82411.180398	88987.466500	99116.304164	100232.327499	102267.431648	
101477.939071	109587.918566	111418.455218	111504.489190	112037.019442	
103329.279070	107781.053347	108874.108257	109672.998196	109953.339173	
97308.460428	99974.464860	105199.940332	105901.838832	108493.142648	
96373.590237	96615.387381	97455.461045	97675.601742	99522.565730	
102207.819573	106328.547015	107162.529007	107319.650362	107459.900424	
88191.534558	104019.294873	106170.572920	108504.384767	109167.308973	
101200.405416	105894.215927	108922.489883	108965.230580	112279.781661	
99486.408157	107961.454630	110870.746760	111927.771794	113169.238970	
96865.463616	97718.396187	98090.482738	98455.256587	98941.677581	
99727.157834	99883.954689	101977.698782	103718.319442	106715.049340	
98461.292494	110641.032349	111133.555549	111794.877678	113622.317467	
102239.448940	102424.969298	104474.012932	106471.122688	109174.319356	
98478.503229	98585.718668	98794.512202	99192.151495	99319.067594	
102521.066732	102651.485584	105689.436369	107280.071101	109539.035125	
101729.809523	103022.402241	103593.793007	103849.361501	105138.809732	
100763.791077	104527.485525	105005.018085	108499.393866	111314.772554	
94598.140991	102002.365067	102483.956720	106315.327283	106815.602477	
95956.297279	98583.829482	99195.144564	99683.916670	100607.807456	
100982.029282	102048.636511	104523.878364	106275.458223	108586.696904	
91656.094026	95399.594605	98604.563395	104654.841409	104832.308837	
94489.020225	97284.752999	101575.739871	107059.599158	107567.400389	
101257.098580	102505.846994	105187.587761	107359.240827	107725.604943	
110472.319105	113645.813291	115992.470627	117020.750140	117950.775700	
100893.546124	103612.807471	104707.462262	105251.440222	106257.740487	
92091.488126	100084.209847	107187.172282	108342.402604	109386.528702	
103908.507383	104645.961133	104944.185728	105966.387741	107894.950521	
101976.493035	107440.526239	108447.775905	108500.976573	109044.768525	
97037.196748	97676.932747	98316.597190	99438.366318	101369.745693	
79359.179290	95145.692970	100757.754420	102046.461774	102418.487819	
100031.040263	101692.830453	103905.586107	104879.060782	107774.150531	
106520.818839	111660.292547	112489.117832	113194.789492	113618.347448	
103893.885498	106071.957167	109049.059842	109459.983509	109825.204813	
108166.011859	109474.666796	109509.619704	111074.090331	113143.952286	
106298.944008	112432.371135	112467.386596	116734.647319	117909.044525	
102611.495305	106333.156545	107428.753154	108026.319286	108770.117710	
90201.959016	99945.037032	101234.298878	102432.977465	105573.977623	
101761.993620	102100.873908	105340.858106	106636.022373	107074.476219	
89824.017380	99098.434108	102857.579644	104112.946484	104207.942137	
102791.318925	104993.160265	106063.411197	106948.853850	109167.561491	
93671.150475	94711.007387	96052.883137	101010.263500	101130.931234	
105282.176347	105289.101618	107108.421564	108775.588108	109730.440251	
106907.792253	106939.024437	108367.362347	108516.113887	109817.745709	
99744.020097	106578.293234	107485.874465	107506.671283	107512.931067	
91558.870211	96686.009969	97536.156546	98319.582098	98767.634822	
105066.163424	108204.147871	111977.940823	114245.549662	116523.025434	
104380.589844	106305.665264	108821.712498	113712.164451	115127.903678	
96043.248981	97029.957320	97524.169550	99506.029825	100048.736130	
105457.477066	110185.227912	110905.654050	111037.439388	111530.352149	
96035.325675	100783.623296	104104.691160	108405.152110	110982.921641	
95426.900972	97660.445290	99445.960814	100173.653877	107513.151203	
94103.807406	99926.476824	100997.123702	102014.696624	107187.912190	
100323.234940	105361.585043	105849.111677	107168.582445	107187.107945	
102392.429941	114828.765005	117784.179362	120235.700153	120380.238341	
110816.778194	111284.246333	112155.279964	113534.928706	113814.707115	
89905.195283	102871.348268	103893.546165	104585.059711	111106.948867	
102913.510083	108355.471341	112296.098873	113351.931976	113783.610950	
100783.834494	105657.273958	111356.610229	114130.504863	115952.537824	
104573.726345	105998.414471	107966.292155	108120.195435	108131.293707	
104137.271260	108838.788826	109087.996835	110760.715790	111289.024577	
100761.819755	102392.136517	102614.211549	103318.279856	103742.534149	
104847.624189	109693.776538	110864.615450	111318.429537	112728.585858	
105729.781148	108247.829186	108642.744357	109497.994377	111196.473382	
105429.094522	107833.709726	110519.524231	112227.600587	112844.894479	
96767.367342	99041.179889	100602.800126	101840.517941	103368.769019	
100106.713562	101663.962540	103816.027017	105043.571174	105936.866247	
96888.532386	107364.670948	112130.915341	112182.541137	116551.034904	
95491.128802	95526.386210	99836.504262	100485.889354	100518.907240	
104336.794956	111106.139510	113026.872705	113769.864242	114385.279194	
100807.240561	103191.700762	103724.613714	106839.168843	108607.812983	
96230.407603	98307.312041	101270.186091	104237.905447	105742.288358	
92846.421245	101780.888360	104117.210174	104573.671400	107680.034674	
99902.648416	101764.157289	101875.119929	104535.046829	105016.479277	
93471.769118	98288.160603	98333.065563	101576.818634	101767.798015	
115070.687766	123825.861978	123828.316895	123833.530579	124147.711733	
100506.361585	107649.053276	110879.594196	112528.760511	112657.563441	
91806.603520	103006.443767	103704.436559	103817.173033	104240.921779	
83238.085106	103460.399159	113202.738932	113787.975578	114634.839614	
104696.182038	107984.168477	109150.812543	111096.214867	111161.753527	
104741.671753	106884.262993	107493.160455	108134.036236	109319.397888	
102395.185005	102862.147072	103028.216943	104557.209907	106194.402847	
101282.860822	105416.516374	107282.777981	108066.508500	109948.271487	
95833.895766	104347.578933	105868.199824	109724.629058	109728.158533	
92192.248952	101171.057152	103889.219358	105477.173628	106345.932412	
89053.894518	91932.809007	97318.564792	97327.207601	97703.750241	
101149.823351	108155.270890	110031.347330	110627.637809	111912.084880	
97351.775960	97736.850027	98089.622593	98345.131344	102428.661582	
97899.957625	106016.397703	107999.210640	109210.030838	109503.086125	
101960.632648	107174.599250	108981.880013	109462.958475	110812.355249	
92711.474926	92925.934461	97350.583434	100580.360534	101187.103960	
89270.038218	99603.086346	100506.361585	104184.990765	105388.239416	
111752.842723	114654.656508	120713.915894	121582.630317	121627.895671	
102680.147541	105579.426482	105672.707598	105779.120123	106003.706858	
108169.755831	112305.864390	116605.998862	116827.901986	117889.853357	
105848.597180	109576.221404	109649.021440	112587.046205	112840.505919	
101229.243976	102902.949842	103362.000703	109585.338526	109703.956644	
97065.695259	103104.800610	104707.393355	105611.996482	106082.490495	
112422.425118	116193.328089	117288.934104	118411.393609	118467.747732	
103076.900028	105608.259199	105778.590292	107771.248598	108468.126393	
106572.106233	109269.333654	113707.451221	115949.325084	116420.548613	
92051.679785	97317.132361	102074.121100	102656.162121	105090.733680	
89630.156472	92111.892310	100513.702885	103217.486210	106470.103079	
96996.667343	99540.649608	101253.199840	104007.774936	105786.723599	
101619.651264	103326.623411	105365.637164	106065.544417	106098.769863	
98182.259511	98922.477981	100541.800170	103507.637261	104621.658395	
99497.572465	103150.212668	104285.271340	106277.255824	107016.265691	
90606.043981	95929.626617	102889.114944	104045.584114	104747.018431	
84760.352638	85608.776624	89214.688280	90309.533122	91515.871711	
95740.495356	97425.655539	97701.915899	101564.456906	104235.016645	
102442.469783	104011.401501	104594.449403	106185.441529	106963.556037	
97640.516658	97905.477639	98345.049235	100125.185589	101057.388685	
108452.527064	115165.924265	115190.327394	115524.720989	116004.229841	
75139.119861	93439.799211	96366.363417	100535.958036	102778.277581	
95445.852115	99296.683840	100179.338287	100428.247463	101540.033594	
107618.028259	109450.464615	112024.968642	114549.469200	115916.315171	
100756.614486	107696.216389	112839.587703	113069.773697	113620.964783	
96941.315291	100429.164440	101108.014898	104218.846623	104356.452849	
99208.436315	101185.927398	102354.774666	103587.040204	105133.828673	
90599.364845	95542.362388	96612.206854	97770.030196	99978.153935	
99511.135475	101341.113331	102325.251006	102738.665589	104101.807545	
98995.923986	101950.968699	105244.786918	105945.526117	107073.999554	
101591.362687	104559.216266	109363.938021	110330.056341	110463.986063	
93510.937764	99344.677927	99692.747634	103639.652259	105242.319169	
99613.440017	103227.443445	104686.045989	105973.903194	106255.007366	
90919.266551	91996.093593	96192.772780	100052.259158	100390.685558	
107313.945498	114545.471907	117139.574497	117450.075003	119062.668391	
99309.600400	101705.352680	105400.565559	108998.270642	110024.545490	
104070.973691	108355.414797	109422.078738	111092.782268	112454.503983	
93784.229987	96567.114525	98715.180021	102333.516652	103673.066736	
108336.964393	112601.389168	114089.646454	114291.847177	116499.146430	
110409.761748	112114.957580	112187.046610	114242.171644	116354.511036	
95828.641063	97208.011009	98760.699275	103317.305851	103466.652729	
109009.614728	110242.471896	110768.911522	110870.293741	113753.780820	
109504.909349	119340.366606	120449.128574	122199.762783	123301.076098	
118585.724405	123021.338445	124029.058397	124418.598523	124833.587657	
100065.503748	103303.698456	105016.415675	105451.652408	105511.675871	
102605.882727	103054.563466	104724.932360	105321.662660	105597.074220	
107077.524933	110609.605182	111827.405894	111949.385587	115759.261463	
98318.029948	100892.506046	102426.395341	104722.077275	104861.028854	
103958.910252	104193.731202	108959.645504	112366.467906	114944.979076	
95383.585084	97130.078896	102673.201122	103468.281722	104196.629289	
97836.994923	102846.424313	102879.955643	103806.621921	105643.841313	
102254.624187	108314.241526	112068.004391	113476.333097	114433.191515	
94136.748652	103204.368901	104823.939764	107600.695090	107828.510562	
114693.782800	117260.841282	118118.954586	119137.785833	120395.076371	
102814.000789	108064.092827	110618.558773	110746.035843	111031.636654	
105318.852971	108425.281130	112387.061315	113158.786323	114026.308071	
95786.725886	97222.906567	98112.441692	101842.029578	102248.545718	
101364.763592	102469.361921	103728.233426	106947.910119	107609.945191	
94043.884090	102287.991516	105020.074227	106226.590203	107620.659147	
95480.627798	99518.906301	101389.059460	101787.703410	103828.892629	
93274.709999	100382.556706	102564.348926	108337.174478	109369.240873	
97015.123611	99525.642167	104141.709305	105195.229855	106273.486722	
88924.452423	102954.887271	103064.319944	104291.342495	105259.806563	
98116.507559	102598.169648	102678.380572	104501.291753	107404.981025	
100713.920338	101544.446590	107234.801459	109858.665237	110127.766474	
103413.679780	107755.899518	108225.917144	109973.011644	110451.446775	
105584.605458	111367.071000	111766.485138	113644.728326	115608.654578	
97931.910347	103604.872922	107630.830208	109439.683836	109822.599208	
91103.815112	91914.273430	95099.554525	97675.326421	97935.927295	
104337.046243	109624.777055	109840.387578	113785.839337	114364.594582	
105579.675788	106685.927003	108523.913078	109179.748340	111207.017499	
89936.711323	95483.341959	95964.721982	101843.496645	101921.970429	
101293.322991	106888.568835	107922.121235	109781.787263	111234.128013	
104332.015822	109833.410485	111490.829393	112037.365027	114543.668498	
93405.518275	96391.728710	96765.166928	96929.895457	99298.416495	
97623.718182	98794.551098	100526.995007	100802.434363	101640.339701	
105657.608830	107064.105698	107583.718451	107586.707072	108738.281635	
93432.997928	95093.962427	95538.904586	103699.294750	104477.052210	
105177.332550	107297.707123	107311.715823	108152.274930	112676.024860	
102473.166870	106497.968682	114779.842904	116159.683823	116371.904635	
103475.612637	105362.763962	108093.723534	108596.875999	108650.721888	
102231.321013	104920.981270	108575.007928	108795.761913	108892.142601	
103019.924571	103499.350959	106208.848367	108629.168742	108662.287532	
105037.366564	108200.147962	109809.339956	111854.876710	115239.893963	
95342.119553	101580.214466	103882.112839	108284.227783	109617.052346	
98411.242122	106957.889569	107346.965162	107766.680160	107912.285857	
99298.887015	99566.865881	104140.228253	105582.124881	107082.925664	
84313.308978	89053.894518	93100.398622	95292.593302	97058.695729	
94386.619988	98436.130542	102383.656917	105678.641526	107508.719576	
109357.987375	111645.453019	115020.483658	116583.219521	117226.325505	
87012.475580	88404.189425	98911.456609	100457.585076	101690.868183	
91592.308870	105076.164206	108441.383237	109512.983647	109517.585403	
105827.689437	107964.382912	109788.159423	110310.767886	114413.874808	
96545.323555	98771.363171	103480.168044	105443.144343	106156.984328	
106606.150576	109813.509235	114022.093667	114503.935211	115665.744386	
111117.295535	112471.246443	113420.863298	113663.846785	113808.738529	
106039.981363	113235.936370	113581.884940	114859.509230	115599.898041	
102893.128583	109995.669718	116142.473551	116517.704208	117413.265038	
88340.074396	91478.227799	91598.958298	99679.572069	100450.613423	
97653.488127	102347.348376	103361.256687	103889.788215	105554.533222	
94994.263145	95804.521708	95913.546960	95979.344712	102267.431271	
104632.533465	106037.736508	108258.157964	113253.205160	113872.914856	
104210.078949	104769.048693	105258.883524	105564.222869	107448.308859	
101414.545794	104669.707713	105698.789931	106515.887887	106926.876204	
98670.148142	101188.608084	106744.478219	109166.851257	110369.017828	
101716.483507	110856.579187	110992.130631	111644.852620	113078.368531	
99567.728371	104900.554494	108126.934539	108659.164353	109218.383907	
97606.059698	103811.621015	107053.178656	112813.171204	112954.425009	
112010.626265	112529.329865	112810.369240	114647.596753	115264.073088	
103323.633763	108747.098806	109303.782710	110640.419958	110934.562555	
92134.453810	92501.148015	95264.773894	96960.264014	97174.721228	
104089.782219	104176.729279	105608.691785	105757.406217	107778.435770	
109086.333221	109518.569232	111800.491804	113506.426591	116521.736197	
98649.831115	98666.626555	100103.867484	100111.378767	100837.159725	
101898.954460	105528.386036	109604.945855	110864.438203	112297.459566	
103890.927212	104259.806975	111910.712963	112155.550090	112179.419470	
106987.617628	108180.603791	111991.902837	115601.143335	115947.838920	
87134.655638	98580.535532	102199.339708	104060.157930	108346.512571	
92385.534775	94169.412641	94607.426637	96544.363885	99995.519263	
85286.824637	97325.183195	99216.441332	101989.492875	103554.446451	
101308.469725	101579.787391	106388.051055	107036.123569	107059.943133	
104077.533011	115700.232571	117054.401238	117550.158121	117655.571020	
100633.398480	104171.247027	107714.579936	108696.165586	109158.547614	
95221.464964	96941.752457	98506.537245	107977.820633	108619.285244	
106658.528872	109360.317613	112109.206476	112604.849244	115470.184479	
101242.193055	102443.424009	104492.716380	104525.672502	104918.965116	
93083.229445	93866.880011	94853.709832	98213.447727	99510.874859	
95848.096480	97358.454121	99493.102745	100005.148127	100180.563536	
89655.270494	102027.700301	104550.923003	110745.004393	111532.292708	
99456.629412	102327.007366	102975.709977	103992.725030	106232.489772	
105760.059541	106818.571507	107848.082265	108466.690557	109108.331722	
89203.593263	92570.624360	100135.327127	100394.550327	100628.206244	
92912.889574	99078.265695	100674.417926	105495.306051	106017.020289	
115508.093258	117837.414423	118122.553951	119458.006106	121342.935061	
103980.751994	112239.234468	114242.101416	114502.233528	115800.545954	
104341.213395	104356.629640	104420.824727	106929.859990	107051.294318	
104407.775801	105796.266345	107822.051765	109802.008243	109929.925360	
109927.255847	110494.089057	114194.586054	116269.575019	116311.840056	
91826.162277	104274.484910	106919.092106	107019.813996	109816.747307	
96560.398894	96950.373615	97072.405550	98980.712288	99110.055482	
95358.694583	97429.367633	99379.867648	101765.204885	101913.780942	
89123.703570	96244.262112	98889.579515	99514.787012	100063.786572	
97760.609810	102309.066824	102412.160727	102554.297716	102596.806912	
111537.504688	113270.610506	113338.976513	115497.338771	116457.658362	
87495.013789	90328.891954	95604.121066	98821.412605	100036.196827	
98139.372017	99920.233050	104533.702690	107078.119050	108630.652190	
102066.477900	103881.333037	105136.276803	106327.346298	107513.398703	
102653.675244	104889.141851	106877.262638	107633.212620	109138.163093	
90197.498307	98226.859372	99910.896520	100577.536841	100666.299268	
96192.772780	99921.496342	104190.916023	104596.337268	105862.656732	
104018.591281	104383.415170	105061.181895	105092.577115	105577.515148	
101417.208931	102735.205163	103091.631798	103220.904705	104655.478183	
91052.047159	91729.337006	101942.821003	101990.293881	102509.867260	
109791.821778	110825.860584	113326.333012	115866.294638	116345.555236	
104557.209907	105906.143675	107175.768844	108936.045864	109337.016997	
84216.528902	93784.229987	97162.790980	99245.639548	100136.536495	
109135.539031	109737.385019	111470.967237	115333.205369	116893.588010	
115784.930316	115957.444025	116384.278104	117056.543491	118213.458872	
105071.306791	105163.868120	105210.797945	106333.604381	107764.802136	
97123.974134	104673.848613	105506.348328	107149.371059	107807.187408	
109813.420629	111281.999697	113636.595864	113906.612024	115843.276167	
108041.637328	109584.153397	110792.962838	112759.905928	114396.595643	
109232.596621	110563.590119	112095.345304	112432.806058	113358.645160	
94168.207185	108346.556068	111057.341484	111723.420073	111729.376040	
104548.834839	108053.031369	115473.280597	116722.888205	117162.317081	
96253.042004	100481.172986	100941.702659	102473.689923	106528.822825	
101104.186455	103270.136761	110109.551298	111133.544864	112025.683245	
81326.865499	94145.231385	95293.773197	95713.032527	95957.028724	
92937.813798	95911.413300	99430.534532	100300.719330	100875.019812	
100109.403347	112838.944295	113194.776276	114293.243152	114985.504698	
104354.089243	106840.528128	107063.622350	108241.753831	108501.949363	
102279.435700	104487.290345	108110.936441	108410.420769	110238.793323	
100221.800288	103114.271957	106146.285658	108703.504633	108901.597811	
93624.631293	100241.246572	103808.834846	107924.358395	108377.265736	
95112.707254	104938.314170	105427.439732	107253.949881	108998.278112	
94284.895457	96305.034935	97708.747032	99259.727789	100755.266781	
102294.205479	108626.209721	109800.368424	110401.125759	110401.965050	
87832.436946	104990.498583	105321.275955	108277.014733	110207.641890	
97919.169287	97951.321598	101561.596147	102531.403103	104390.479002	
107537.810354	108011.267937	109573.575584	112362.050118	113125.419677	
106663.961755	111759.884228	111767.000961	113403.050208	113539.022327	
104308.423288	108330.498022	108850.952400	108903.372400	110279.900758	
106601.955998	106666.706852	109594.841451	112106.479861	112356.682658	
96751.962166	97446.608321	98736.353283	100133.105067	103076.805023	
99658.863368	99742.823162	104365.292948	108228.847468	110054.025504	
88771.133118	97334.508390	103517.754012	104154.414762	104179.799307	
101631.862389	103119.354504	107820.121525	108945.374943	109798.909933	
98096.298905	107525.986956	111565.611800	113424.966682	113506.893314	
101897.235336	103336.053333	103897.449933	104699.295892	108833.898020	
112157.532635	118640.578218	118688.204666	119406.063819	119754.809380	
99579.970619	103111.907236	104026.279831	105393.835973	106827.271085	
97270.032861	105495.352115	106431.285434	107297.422979	107452.122909	
105314.957215	112765.053996	113094.038961	113560.564551	114731.945582	
99346.176981	104308.905533	108259.269380	112545.742063	113757.802891	
103956.919809	106064.254489	106881.919318	107108.492733	107441.607486	
104536.753405	105554.231368	106198.515666	106685.387334	107572.353426	
103648.051952	105099.398909	106025.546810	107437.748861	108336.221842	
84700.985336	85353.140935	93160.527318	95293.619547	97239.128782	
96150.855885	102870.794853	102922.325890	105181.404512	105550.027769	
107599.600155	109124.600099	112234.015130	113830.808304	113963.342685	
96336.151871	100503.844618	102628.410683	107833.353008	108517.235539	
103782.856724	105000.977018	108279.631101	108810.135561	109468.387236	
110424.469219	111734.554636	112192.573268	112716.104101	113377.345386	
96116.166157	106577.903791	111263.609124	112397.816032	114905.821017	
101167.354889	104031.348092	105417.914312	106167.049457	106520.301371	
107104.298926	114908.051882	117518.870602	117593.904893	117602.528042	
104335.482333	105228.807353	107278.758466	107636.943831	107657.235408	
104363.134933	107790.161193	109865.093048	111245.467669	112957.451462	
100542.684905	104803.251141	108048.327076	110403.984465	111024.448634	
107890.008106	108314.081162	112728.708252	113566.330686	114342.352983	
95878.674396	105793.448050	109962.201220	113516.561800	113929.932725	
106433.473064	109682.148801	110424.161709	113726.555048	117312.981822	
103948.992819	104248.608691	104846.841519	105384.600948	107076.691548	
110593.221254	116328.003912	117192.029753	118529.152178	119700.265929	
96409.631377	98134.500689	99669.863985	100874.064012	103997.956057	
117123.357811	118532.034875	119435.773259	120208.685784	121058.628322	
103115.481172	103372.724814	103400.619856	105185.872104	106346.169474	
96194.882066	99042.914465	101006.259137	102640.833116	103964.616156	
104877.086967	106732.892924	110101.969735	110524.917591	113508.891946	
94861.717511	95859.482237	97150.227179	98090.084696	99035.055642	
96848.408216	105331.683764	106381.665255	107667.082480	108064.444058	
102545.844217	105885.404284	106512.525445	109347.403189	111754.181259	
98235.811098	103207.959575	103313.556298	104415.522720	106420.849659	
109627.390908	111064.050563	111071.028386	112234.015130	112418.134833	
120142.908794	120733.605620	121414.033888	127783.355031	130727.846643	
110443.670496	112107.173993	112480.223837	112869.782891	113574.107924	
89594.665488	100506.475621	103878.449543	104518.709668	105477.375425	
97130.078896	99902.444940	101904.241186	103908.536852	108347.135672	
105223.085875	109599.009883	110857.093949	111029.429511	112247.306836	
93932.127896	96711.109619	99944.088245	100635.432364	101084.407120	
96535.151746	96554.595225	100761.725943	100943.762943	102488.766838	
101274.875689	103390.911195	108616.607088	110124.459391	110666.531694	
96366.784182	106657.390592	109264.601929	109613.465256	110241.475899	
99519.089513	102463.535482	107130.893789	107647.910248	110261.484123	
94920.515352	101561.596147	102322.545315	103152.779000	103237.302121	
89444.363332	102394.735815	107953.393230	112249.293350	112843.254601	
97100.391499	105640.445974	108475.572194	113139.960474	113269.482627	
107146.166345	112603.501720	112750.926712	113103.408638	113315.635027	
99017.260028	106463.202411	108724.692744	109498.977699	111377.084866	
91129.438292	91957.024308	95010.060765	97531.407787	101808.429802	
91220.672076	101772.325324	102351.140022	103500.712866	104751.070498	
88428.653176	95819.128596	103468.906243	103631.034156	105080.363996	
87790.635053	88741.160388	89498.053480	90817.638292	91950.280487	
108969.995658	110207.071980	111197.867257	112574.582614	112628.267751	
108536.974022	108697.398081	110797.506143	111475.265898	112355.715748	
117864.669191	118017.191923	118147.755310	119120.164808	119362.780336	
106912.713888	110422.638359	113828.755694	113829.595274	114375.612318	
95018.368996	95276.462619	97511.387132	98651.938401	100011.962716	
106364.357789	108248.646581	109397.263966	111361.819734	111565.734012	
96980.087249	100375.449055	100609.686780	103083.954308	103309.559639	
99537.426852	104726.301043	105672.557124	105717.650593	105971.197191	
108653.730090	110097.569853	110956.280102	117327.338909	117438.605789	
112280.892951	112779.833778	113272.098417	118094.942401	118111.832727	
103264.192236	106670.330918	106980.222805	109888.933428	111826.835336	
92992.489849	96770.755479	99165.392881	99744.455971	99916.674158	
92581.759619	96080.257156	104284.492383	104685.616927	104943.402126	
93109.057318	98306.878314	103127.624717	107154.217438	109135.298195	
94393.680546	100162.067051	105009.066305	105584.473538	105977.243489	
105847.417702	106068.278806	109401.776116	109479.726206	110568.314523	
100523.495485	103716.096815	103780.821741	104394.755826	106823.762261	
94721.549718	97142.761956	100418.850648	102871.353970	102986.969281	
88854.705821	95373.874566	99737.131016	100033.877013	100653.702249	
102047.780420	106543.558763	107758.888963	107940.176775	108448.355010	
107717.657122	109434.294168	109930.773610	111291.922202	111415.499184	
104664.113481	107852.363315	109350.599971	109368.365519	111507.500105	
107332.533168	108261.053349	108377.512168	110720.693419	110980.084538	
108155.223971	108510.807703	109557.608781	110515.566206	111464.422417	
103428.063982	107704.319912	108828.459701	109727.468711	110054.775082	
106626.310573	110394.591339	111474.109832	112869.941236	115182.790743	
91272.940315	95176.076594	95388.721195	107575.192751	108219.091231	
110739.807952	111471.767824	114356.164147	114571.011521	114887.532339	
106888.108791	113640.490312	114433.817513	115539.940464	117939.408787	
120689.219919	123583.174109	125028.459809	126095.627476	127047.704545	
99894.166410	100857.669947	106648.294586	109155.252108	111415.312432	
98326.927537	98443.502522	100687.485246	101617.637147	101856.220121	
105375.255443	106988.523941	111199.402717	111381.545057	112684.998654	
95964.721982	97751.848190	100271.853734	101407.736093	102902.405899	
117286.411619	117628.788154	120159.620541	124546.164047	124993.159687	
107234.469605	109625.584446	111159.940635	112380.916676	112652.179780	
93371.959556	97958.544969	101972.564385	102119.162249	102246.496814	
115088.715844	115201.463321	115476.090400	120218.510747	121221.021794	
111946.855692	112456.889372	115016.916166	115136.726289	115401.691112	
99900.664021	105678.688687	106905.824759	108200.014519	109945.115281	
99083.659603	99759.867743	101169.081369	101626.540382	103258.695416	
103343.107060	109197.834610	109460.336023	111486.163911	111933.504956	
94112.549317	107290.768955	108017.816180	109925.449846	111113.954637	
107801.465542	110375.863348	110986.671943	111410.422171	111953.201871	
111837.342868	112528.203846	113044.804258	115145.271161	115198.125967	
101506.986458	104462.999212	104804.769964	105391.041784	107866.048855	
96700.247238	96803.206593	98390.765579	100756.296322	101424.630033	
93405.518275	96349.019472	97144.557333	97452.214565	99305.169209	
101876.428022	106210.213141	107167.937719	109763.951989	111021.045392	
94887.318917	97351.437314	101168.754452	101246.336306	103463.167853	
98536.773188	98811.302042	101980.873369	104800.771450	105433.775993	
107328.207957	109488.516569	111232.270506	112484.542450	113277.012402	
93260.670532	93912.911462	102460.908678	108181.718370	109229.015337	
96056.193175	100303.681071	104120.096727	107516.100407	109949.282385	
108841.284428	109641.394859	110263.141599	111923.834164	113201.659288	
105043.634056	105201.118333	105704.428945	105993.196419	106899.277739	
88247.889784	105982.804259	106162.195679	106281.475789	106542.978986	
119623.662059	122861.890311	124050.868929	124703.888799	125429.184373	
109969.089765	114648.910560	115290.706400	115423.711757	116991.266158	
95740.660160	103379.168776	104620.426846	105886.201086	106838.598101	
95667.709552	100633.383988	102470.403603	103687.693230	103838.056324	
98206.940683	99962.106231	106659.648540	107011.545802	109163.650207	
105314.957215	106201.731617	107056.460842	109220.205155	109265.882641	
98498.140819	98688.935920	100324.798502	100859.811883	101331.082893	
96951.840230	101185.233655	105057.296032	105760.549164	106264.780511	
110243.766486	115151.892931	115551.556471	118817.933629	120039.272616	
99289.304129	103590.118232	104702.639682	105063.796063	105112.116651	
111795.330674	112771.384484	113061.980228	114746.473768	115629.645839	
105169.148148	105860.688300	106624.691538	108002.718344	109213.615159	
100235.509446	101583.281474	102079.634267	102792.245650	103920.434589	
95160.235570	98245.946955	99097.044585	100428.388715	103145.859584	
96475.433557	100953.586785	101345.593437	101479.111709	105032.685040	
97479.566652	100568.488228	100937.205673	102444.935103	102622.719437	
101981.789767	105160.978058	105954.070557	106709.467988	106853.150814	
95759.290277	104542.145263	104589.163040	105227.850228	106699.969882	
109364.860408	110752.715622	110893.637089	111040.532372	111961.117770	
90144.984576	96589.821319	97011.518662	99140.208846	100337.118434	
94603.504052	94709.862352	96735.955257	96936.310838	99906.972199	
93963.670293	105133.630096	107383.847068	108256.036334	108870.497822	
96399.196725	98281.089933	100417.864277	101855.263349	103669.595344	
95228.420203	99684.292995	102443.002445	102577.789924	104029.376587	
78888.890666	93421.318215	95446.427849	95570.107520	98663.521221	
95140.009369	99758.412487	100420.427711	103067.849525	104903.102472	
95085.009541	97477.588577	98407.107860	99158.421583	99978.153935	
102287.112009	105202.853605	107419.621795	107727.552200	110219.542683	
94426.682395	96965.984180	98887.558623	107115.314515	107207.639147	
95498.801644	97541.744336	97690.968289	99013.247338	101217.073619	
94980.162547	100103.035788	100646.386536	101676.181768	105057.850940	
98944.481323	104854.047579	105014.910943	106425.252723	107429.449984	
103447.361206	106292.311185	106789.918037	107066.406361	108764.057627	
90185.546032	96462.731729	96885.024816	97117.759330	100056.643857	
101163.786102	103036.301114	103708.862241	104461.126465	106724.898309	
104135.803030	107399.387223	108351.690692	111691.312209	111741.438518	
106795.936570	110035.154261	117419.667699	117908.537905	117928.710851	
100580.007269	100605.753851	105299.077244	107801.202565	110221.647991	
86195.122985	89781.717549	97214.385800	98245.946955	101509.108990	
90986.954641	92568.530169	97753.033456	104579.369055	104899.741225	
108285.362130	111713.594969	113522.232466	114233.498806	115031.903591	
95228.420203	102164.105541	102452.998186	102673.888576	105810.797012	
99225.207791	104927.316488	105082.516954	105617.452425	107324.109401	
100392.792839	106238.137679	106650.016562	107276.612993	111605.523539	
97363.845353	105504.586480	106977.590016	107394.753689	108087.294961	
97020.248811	97656.624028	98377.576914	100671.294780	100962.488642	
97270.145539	101405.427849	102713.085758	103725.970694	106325.422213	
100988.137093	102347.604712	102455.352360	103386.002984	103728.849806	
107647.553164	109568.694442	110565.675757	113541.313674	115565.731116	
110720.391399	111715.805855	113460.799349	117955.763672	118242.417315	
95370.204450	96900.548589	97862.497997	99950.670071	100448.398307	
97454.954772	102460.927995	105099.000916	112209.432821	112229.218844	
96433.839193	97697.477754	98074.325473	102846.015066	103908.052051	
99952.886078	100380.110852	101823.955184	105134.576779	106207.354472	
114661.095921	118763.900930	121762.728185	125164.005563	125188.299515	
108825.412834	109796.391087	110247.374412	110453.965815	113084.892433	
104394.057946	108843.064812	109270.022854	110625.842914	111721.178274	
108594.935086	109102.000768	110249.161733	111132.715023	111551.134640	
81190.128487	97060.261503	97462.410182	97791.802788	99024.493828	
96622.961385	98715.427395	99203.583703	100111.773824	104469.919345	
104917.643043	111448.631375	113143.797748	114657.417531	115365.219479	
101026.243803	103671.430214	103918.759059	105777.387456	106827.241975	
94445.921731	107731.774234	109415.083954	110560.051619	111832.533587	
112200.088425	115929.988985	119250.176684	119296.219438	119525.206716	
102513.951616	102630.639776	103030.602842	109447.599939	111033.997699	
89698.002395	99204.908000	100704.831381	103528.496650	104846.270473	
97589.180533	98211.935496	107687.257460	108254.525378	109763.129581	
106535.103412	106550.836356	107091.751608	109532.977913	109783.583217	
120012.568515	120290.227371	120979.643911	122535.314571	122684.069265	
90884.538018	92265.819923	97017.929666	100743.199572	101712.124344	
100788.588531	102665.234539	103747.530499	104314.353589	105376.441722	
97746.007992	105288.412139	106384.771355	106778.040583	107678.269307	
107829.262541	108297.912220	109859.844493	109915.964870	110038.874206	
107877.832169	110185.546718	110747.217913	110972.781019	111977.490782	
99727.157834	100658.638641	101532.421998	102174.039447	105246.084153	
104216.337064	105257.552878	106995.871388	107996.803120	108932.643334	
93797.239382	102533.914750	104446.019175	108103.718253	108675.331254	
100257.014386	100532.859525	103843.607645	105590.368932	105735.719940	
104473.595335	105720.985414	106105.786099	106566.690634	106579.326604	
102452.747294	103786.579479	107370.696123	107535.474732	108232.657825	
97511.387132	114745.725946	115505.087950	115861.671050	116054.252244	
109811.405955	110242.791527	112484.960937	112767.220873	113277.534942	
98222.949695	103841.958675	109705.167524	111680.302731	112591.657807	
104976.182312	106585.705221	112101.811060	115296.038560	115768.774040	
94292.208435	100797.150312	104735.718998	104894.139378	106747.576614	
100549.566186	104407.701835	107344.377033	107753.086560	108167.584283	
95009.727744	105292.515913	106117.176817	111317.340206	114164.332109	
107452.867098	108585.781411	109500.982769	112150.018622	113114.284133	
112790.645917	114331.278823	116293.428464	116666.246051	118194.185058	
102930.062262	110176.751001	110234.710425	111663.663674	112270.381132	
81259.826673	101583.660604	103230.304981	103958.375636	104294.219451	
98204.100906	101690.395420	102484.930535	102595.798597	105447.767912	
91939.429541	100252.921078	103176.755833	104547.113752	106496.029981	
90710.514588	91304.212295	94743.816342	96596.129856	105591.181675	
106864.366380	115370.393613	117500.643354	118408.847654	118889.271912	
96062.738658	98203.099731	100309.639189	100698.984681	102400.234726	
93788.491845	98531.649735	101530.873586	101929.099815	104527.897230	
100210.046721	102782.677145	104274.074008	105105.924425	107230.343411	
90833.914444	96253.042004	98531.645232	98648.704459	100315.051050	
98542.551454	102111.589373	102334.627769	102971.899050	103846.376919	
100152.737726	101190.230995	101712.548762	102201.327136	108229.129656	
95618.309919	109374.083813	113079.285538	113763.731006	114846.498265	
102241.805821	109463.807784	111174.868995	111282.307337	112246.872639	
104421.392383	108798.389856	111473.982715	111604.377604	113207.471796	
93994.845695	99260.903820	100564.450932	100584.314980	101745.752900	
103479.360425	105265.013263	105777.571481	107571.955309	108414.256649	
106992.273825	107600.695090	109890.400688	110234.789918	110543.824670	
99851.377525	100673.937143	101057.007149	105733.352001	109340.413424	
107323.821007	107401.783169	108720.291631	110778.936082	110842.314662	
96787.434660	102226.509857	104261.890681	104737.443389	105294.774009	
93052.569144	105636.553950	108063.384738	108645.450343	109018.501583	
97223.884260	103036.862299	103474.410071	104835.881363	105153.237636	
102790.784978	105325.364234	106227.348536	106693.802251	106899.515525	
106853.933001	108001.952446	110671.109940	113537.042601	115975.471708	
108820.856523	109254.000879	110154.388938	114379.676785	114585.284827	
93956.526549	105204.867468	105302.153455	107750.666472	108731.789970	
100519.900457	100526.663878	100970.941372	102041.461097	104272.896101	
91125.307441	92687.758707	94908.630744	99688.500507	103390.911195	
96062.222726	107814.720229	107959.479611	109581.837564	110830.264271	
96377.685575	101649.967662	107627.334374	107731.650519	109781.834204	
86480.165915	102534.229309	106070.250996	107227.623550	107230.476119	
109113.087494	110944.959352	112188.017550	113826.868952	114574.328247	
105706.155004	105718.149302	107836.146264	108256.974072	110544.066587	
104513.074015	105936.306990	108084.346307	109196.702333	110149.035490	
105113.042764	106651.841024	107990.878288	110016.366531	111516.693320	
99059.227414	102183.547985	103614.564452	103978.925276	108649.518642	
104466.543796	104951.288988	105094.141222	105719.739878	106257.975933	
96539.102933	100063.693095	101761.993620	102610.165494	105880.301234	
91188.800453	91519.847528	92633.971600	96194.882066	97670.428517	
96153.510723	104703.174014	105962.549471	106934.286684	107729.015279	
96114.607403	97488.720259	101527.890442	101661.733854	101811.835949	
101809.698296	102147.131308	105025.899761	108650.811687	108808.260761	
102529.741120	114637.997270	114800.781239	114873.460203	116428.368354	
102927.701364	103496.418460	105720.918394	107959.824158	108220.623695	
101389.573066	107580.472401	108585.523918	108719.361158	109209.184882	
103720.067920	108452.170133	109492.979146	110801.308784	112046.444456	
102366.839541	105989.918488	107007.949039	108491.897526	112555.522598	
92561.515596	92783.821217	93309.215505	95684.310071	98119.870287	
95987.770816	96136.257748	96893.683601	104303.095919	104867.672603	
85865.653785	93137.991520	98835.161179	101102.050403	101709.424433	
95912.768514	103904.295854	104620.329911	106626.917960	106847.636175	
94413.521234	97244.981885	101495.739100	103526.893835	104357.302153	
107925.772808	108573.476697	109307.283721	109358.354071	111885.958709	
100708.721708	102770.754503	104005.189256	107114.496536	108972.001584	
104953.028098	106684.663536	107468.752172	107981.194172	108136.737292	
113401.191152	117792.277440	122860.498442	125740.377687	126071.371548	
114965.116739	115064.273917	117199.657007	117525.174111	118963.346322	
100149.702965	106112.049840	108874.354103	108883.227286	109650.389012	
104157.971121	108311.112100	108341.164418	108536.967230	109344.597046	
102791.624956	108012.666479	109475.585352	109985.462430	110857.514270	
95464.938842	101710.060268	109628.707987	111718.456020	111831.727810	
94249.520659	95615.915910	99564.954404	100107.587867	100122.923790	
89478.081531	97242.524256	97467.319445	100380.126452	101242.790277	
99659.289540	105233.430551	109210.995054	110145.208267	110278.888744	
98555.339702	99906.913540	100578.608550	101633.655064	102630.266431	
108705.352335	111347.711332	112458.399264	114320.329910	114644.326278	
101149.271625	107781.053347	108781.968098	110895.225791	111080.111157	
118929.832040	122923.527330	124767.074693	125047.713422	125338.641122	
95424.417087	98471.515989	100152.827132	102553.260008	105459.516088	
113193.904437	119783.326636	120568.053405	120810.518809	121059.759891	
99956.831971	110482.818275	111240.911238	112707.097891	114577.325061	
115876.128282	117331.742713	117723.621032	117792.825138	118652.396419	
95273.155640	96357.869546	100342.597517	101381.696531	103131.376426	
96014.821059	106054.319781	107115.553083	111730.555746	112074.833840	
94764.932413	96750.732214	98175.263181	98889.939594	99288.691497	
103390.967693	105149.937257	106902.940925	108216.048297	108387.704559	
94003.515988	99366.293843	101776.233788	102391.858652	103692.945949	
93919.699264	93963.670293	98368.862577	99384.651337	101449.538623	
114137.609372	117011.184217	117211.161722	118497.440065	118925.583525	
96072.118826	98414.565287	100306.007969	101733.084726	102588.048772	
93020.830322	94112.254237	100366.134649	102722.250986	103056.483543	
103518.041564	108818.216039	109077.696678	114516.114609	114717.350433	
101140.735082	101182.617776	103524.116308	111430.559614	111634.593043	
95666.325159	95954.629106	99082.557812	99094.709790	99207.245754	
97134.696184	103180.135405	105730.051752	106276.822659	107151.869884	
103443.412442	103805.259198	106952.294946	111561.911528	112706.154997	
89448.677439	94988.018319	95009.272543	96589.056563	96759.753395	
100343.512912	106986.061458	107473.603810	107770.582259	108651.437839	
110319.076671	111732.699405	112200.272201	112658.751682	113024.319746	
88495.218488	100988.226832	103190.088403	104086.412148	105167.345134	
102858.571631	105846.866808	106725.889167	107442.147550	107767.510775	
98033.589541	110804.473649	112938.892155	113199.498242	114164.190154	
86129.517831	94000.742431	95889.073692	95964.321926	97500.074920	
101354.421935	102909.109828	104950.209430	106671.493122	107682.350225	
91773.408546	97510.962684	98022.973341	99504.325259	101745.028205	
96764.551438	99706.279086	101830.927479	103112.673360	103676.880630	
109237.071205	109612.899810	110275.014688	113112.319688	113612.581242	
93869.009696	108502.024555	110575.319124	111296.398814	118949.104058	
102123.036850	102967.445822	106420.661545	106647.523078	107760.811405	
107104.003085	108506.784934	110091.822660	111545.927459	112981.926053	
97837.924469	104233.116371	106512.677648	107522.533206	107923.891989	
104431.337899	104952.308335	105220.384703	110199.649720	110376.437097	
114025.643618	116146.177703	117825.024421	117944.792248	117951.377210	
115740.800779	116959.352117	117744.512012	122410.820313	123046.384006	
108613.015406	110325.444423	113688.783119	113901.365796	114333.753452	
103625.850031	107283.228390	108629.371307	108798.678953	109571.883386	
100836.496566	102621.265136	104635.086459	105665.574742	106364.593986	
101890.358268	103393.721983	103760.561994	106353.905499	107670.283290	
82231.365397	84846.947880	95321.809672	95590.047611	98618.882498	
101914.425668	104534.066162	105207.171215	105587.888240	105841.280019	
107335.921195	110850.839757	112254.009212	112598.792424	114271.942366	
103593.372190	104951.447080	105662.949932	107476.119486	108068.177611	
98916.640926	103131.107590	104680.753487	106550.690453	107830.553385	
94662.563203	97391.861700	97403.863907	99353.598820	101268.060927	
104734.853202	111581.619413	113678.993648	113755.112129	114092.837245	
91746.689216	92809.107124	96893.941639	97174.575879	97472.513002	
96436.289695	100375.449055	102880.950709	107133.102294	108754.499542	
99366.293843	99467.983653	101416.997746	101475.589166	101476.939966	
103729.570777	106437.405948	106964.268611	111199.320270	111283.367142	
97484.721875	103748.006243	104828.641038	104904.075948	104924.739350	
101823.931020	104962.342770	110490.996569	112592.567349	112774.911028	
95338.128466	103728.849806	104796.765963	107945.340839	109096.948588	
104178.940395	105148.646083	110284.503973	112582.271603	112773.652213	
97454.874709	104235.016645	108524.745031	108803.676674	109962.201220	
100079.609877	107090.836923	109072.823589	111433.697986	114123.666420	
93493.326741	100445.100779	101193.245049	104738.145328	104836.317699	
79391.357690	104299.667354	105235.235883	107302.925503	107641.927819	
102884.217928	105401.541694	109147.809741	111302.721216	111354.563329	
90490.119388	93235.113112	101022.096394	102412.160727	102478.914310	
94714.681715	109171.058511	110013.886346	110389.913876	110770.431158	
103614.383153	110037.603266	110399.250448	112620.417369	113656.278380	
105726.767477	106365.589307	106434.841026	108157.403671	108861.560965	
93779.251797	98924.030507	101417.208931	102170.903591	102761.934930	
94529.910743	105091.527735	106611.853352	107392.159237	108238.686569	
92151.350607	92788.640739	99091.813089	101806.751754	102256.963149	
93246.907588	97720.196870	98592.423656	99136.745661	99533.493977	
105373.340322	106340.537165	108941.363725	109190.170907	109911.691992	
111116.683553	114631.806037	117482.804750	117618.474357	121725.384138	
110398.267780	110619.669493	112878.961838	112893.132465	113075.477700	
110077.020250	111563.380414	116010.910886	116736.207234	119975.358746	
95990.127448	103236.204184	104541.850602	105776.155321	106505.266298	
97035.884082	102902.405899	104388.919763	104478.895971	107758.350881	
90197.498307	95488.156659	95773.515143	95845.442270	96275.269538	
92791.298094	100629.525138	100704.224655	101645.062471	101892.811593	
99368.685194	105873.714859	106679.019389	107901.768223	113644.819461	
98112.441692	102682.265851	106097.649150	108251.201767	108619.446758	
100261.444003	101961.602941	103939.068365	104089.782219	104558.919423	
112085.976477	114457.062282	115346.316065	116648.169657	117104.877063	
103220.183468	111964.324924	113763.065106	115359.986942	115680.640870	
103372.846329	105208.256613	112331.829287	113315.653987	114562.459588	
102455.352360	103905.265125	103956.017941	104295.204133	104498.874370	
107756.051497	108371.980495	110194.128743	110375.811391	111737.826918	
104393.496229	108919.204331	109266.211885	110881.807180	112629.145777	
95544.096095	99032.087551	105292.307970	105502.920927	106636.760555	
100041.760841	108240.810789	108268.338747	108335.867071	108765.015663	
98396.838953	100822.704234	100853.358642	102288.548122	104157.267527	
103617.511600	106658.090922	106772.798956	107103.299863	107782.524951	
94737.496261	95005.688092	95009.272543	102784.679086	107188.467275	
101833.791930	104697.656924	105151.682374	105307.724925	105630.336528	
94023.747034	99541.096536	104392.781795	105433.758150	106681.959377	
100948.716805	101994.427348	103495.082280	105455.069251	108034.759922	
99666.866061	100541.434095	101506.347187	102741.201157	105361.715641	
112441.118833	113206.853471	114001.151016	115710.214546	115872.680719	
105173.228781	107532.405984	109661.896562	109790.966071	111674.245330	
87495.013789	94489.020225	95845.153585	97474.861266	98971.507131	
86063.223171	100600.759245	101779.425669	103153.394691	106497.051046	
105357.570837	107203.048663	108807.703235	110763.388594	111844.821980	
102425.724825	104381.213858	109018.700975	112475.421506	113551.667677	
94344.522985	99168.096066	102025.649337	102338.514761	102839.265203	
84344.267903	102181.642923	102519.425898	102804.648241	104492.100227	
102454.653310	109084.102257	112221.310568	112458.944092	114744.865824	
96058.694922	100770.358096	101106.323489	102345.607252	102599.103895	
95467.234387	99947.577710	100380.071535	100688.362011	102132.962941	
84911.607272	101997.688595	102078.830572	103575.141134	105322.234424	
100030.056174	101101.473990	101208.875407	102450.395697	106898.298200	
104617.018517	107616.231037	114351.660416	115089.872965	116027.128228	
100021.251866	102427.659444	102511.704125	108206.816515	111359.338249	
78397.013415	101591.362687	103914.532677	104429.629235	105579.562254	
96870.533969	101705.352680	107452.190850	109072.317905	109720.260291	
95632.537119	96105.003466	97736.850027	99206.442878	100630.707979	
98863.983406	99498.423840	101388.203418	102307.602481	103971.735985	
102200.526373	106585.109009	107364.517003	108491.861301	111094.516282	
109530.322353	115413.094214	117055.048384	118796.466194	121033.092287	
106124.640978	106952.589073	111327.300970	111721.513274	113317.445193	
97519.511167	99870.743154	102615.596601	103885.943516	107007.927298	
105168.443943	105459.163690	106113.048731	108038.002029	110201.843894	
105681.217984	109814.572497	111115.640098	115654.879443	117191.056889	
94630.331667	103369.583056	106564.033996	107360.928983	108963.862825	
103564.875123	104680.142286	107161.286789	107595.071929	109148.230843	
107252.277296	109595.980027	110619.536224	115051.525047	116056.706096	
99331.811493	112983.434605	114940.970027	115857.967927	117178.554075	
105449.944414	107095.991745	107117.939724	107970.151973	109591.492119	
98046.710059	104219.612271	112155.554061	112558.796969	115791.192168	
105767.692126	111039.330172	111247.088052	111383.794213	112716.588949	
96120.272745	99375.870584	100930.700139	101709.918895	104102.565523	
94511.994773	96147.283737	97488.720259	100216.778988	100992.475781	
88569.460571	101602.221299	103810.143521	106163.899323	108934.619536	
92485.150104	97325.355516	97791.802788	97805.929927	98662.728398	
100215.962173	102069.432020	104410.129311	104530.042683	104782.563333	
112546.700836	112805.517667	112865.118488	114368.680172	117585.716791	
93657.165965	101426.681588	106374.999684	106382.242968	106609.441527	
93395.897280	98157.845398	98816.757888	102201.373183	105163.891749	
99292.434824	101336.528361	105696.951302	107101.374131	109693.248270	
105362.000172	106089.992286	108699.414962	108776.367223	109838.095742	
90833.914444	96351.214217	104916.414126	106711.185986	107527.978430	
102420.656206	110952.639540	112930.823382	113186.069470	113308.530142	
97224.380597	104272.637318	105634.733560	107185.921728	109037.686545	
98147.845716	101813.242419	104613.315967	105911.961916	107056.313046	
97042.172220	98540.523537	99010.817527	101141.185723	102816.417981	
98074.325473	99207.701372	102303.064364	102485.085330	103320.060848	
106512.073891	109260.068891	109835.390586	109950.065583	110547.882631	
95176.076594	98090.482738	103614.161587	104481.573547	106429.628650	
107961.578934	113932.262538	115830.802698	116807.100337	120293.878880	
89317.165098	96047.490789	101006.379940	102146.276979	102731.574856	
102977.986253	104711.243051	105887.544778	106264.685214	108638.805308	
96726.864791	98662.728398	107017.010196	110103.066060	110794.952151	
103213.881483	104779.478686	107124.483346	108011.974752	108670.348714	
100878.021695	103495.891629	103883.338998	104458.942628	104946.301067	
105507.663609	108789.990206	111204.813236	112989.941630	114679.180201	
106311.635903	108388.088388	109040.280072	109130.458541	110451.478977	
84152.052488	97017.782688	102847.008202	104257.628006	105861.345479	
109244.433124	111753.709813	115226.614657	117386.122800	118519.904505	
99785.813044	101713.096575	102529.367198	106562.953586	107317.963535	
99472.040206	101220.691331	102193.317216	104056.577349	104490.806913	
102577.474093	103096.524267	105118.281994	106006.593908	106965.493521	
99056.449740	99758.759254	100435.986101	101198.755508	101978.135366	
100693.899526	102480.762410	103205.366969	105703.172898	106066.158442	
103149.611040	113137.891021	113502.385151	115413.714059	116652.890175	
99014.945362	100222.714962	102758.989657	103042.928369	103773.634096	
92977.828075	101398.117435	103574.189304	103696.854129	105292.482791	
93545.472565	103765.245411	105687.933470	113183.237617	113885.195327	
106055.882133	107202.934642	110511.111314	111612.909023	113070.801317	
95907.284559	100286.906661	103995.786970	104671.014181	104858.586435	
100303.681071	103081.730898	103921.949477	104420.352641	106432.712292	
94594.596982	103137.608729	105178.507309	105322.234424	105794.455952	
112673.122254	114241.913376	115320.930420	116156.286569	121424.613162	
97860.508036	100278.065134	101728.691153	103953.030489	107724.947826	
98590.751130	101092.418564	101702.420799	102945.805835	104129.191929	
105641.970656	106587.011887	109469.196721	110402.015631	110905.062531	
107401.783169	109129.939977	111689.276891	111980.120128	112709.596349	
105229.832033	105617.452425	107182.182678	107541.727616	108240.823662	
94823.681977	96892.867591	100580.629217	101756.971591	102699.734783	
102300.291008	104801.206572	106115.667032	106136.966243	106623.642610	
94833.228586	104880.941761	106974.542562	107729.100288	107861.899316	
94858.746953	95791.721198	97371.704142	102915.886898	105000.901444	
105832.284405	106543.202757	106651.911108	106690.760102	106701.677363	
97546.300569	99856.135233	103327.073999	104514.866782	104968.257620	
106320.297094	107236.443202	108602.093396	108605.239500	110201.696223	
107927.538845	109152.151713	110289.378376	113422.905983	113802.567264	
96514.548143	104620.170443	110301.471323	111289.257916	111853.398819	
96888.532386	99703.495731	103926.845007	104100.782653	104109.662307	
104973.331618	107942.888003	110791.536343	113975.637438	115684.267571	
103355.352355	107424.074303	107548.810914	108755.046888	109397.977948	
92662.471930	101739.622488	103035.419419	105336.938422	105811.613827	
90687.437322	101665.394119	102322.378032	102717.973027	105899.069065	
94941.259002	96656.480784	99769.051855	100474.428153	101694.127625	
103377.927296	106534.161970	106969.119362	107876.537926	108541.495801	
94316.399105	99435.105408	103302.711720	103631.034156	103662.490378	
105587.563062	112528.459412	116029.114050	117688.910382	118271.052052	
104377.530812	108272.577243	109122.504453	109173.008746	110708.979908	
101270.915896	111783.927458	113316.779120	116716.150288	118825.473430	
88839.165803	98428.977446	103020.860366	107254.862220	110213.312799	
97221.111463	97650.305789	98474.217414	99359.822064	99466.243007	
95823.689118	97554.770672	98312.676386	102953.417671	106922.369834	
105704.428945	106046.942798	106918.058882	108426.417395	108536.903181	
87456.160063	90987.686499	97804.388955	109733.261486	110892.461829	
95836.557430	100291.345691	105496.038035	106345.140764	106508.141909	
103717.217393	104014.002424	106256.699698	108109.845335	110410.064440	
100500.976417	108242.732630	108336.764455	110863.318905	111417.526478	
103865.395503	105368.890435	107086.990915	107850.637943	109564.514909	
102083.872826	102916.842112	104718.098388	105781.206290	107922.423602	
101170.953450	106011.007828	108494.901000	108498.057380	109469.201005	
104342.965194	108656.572201	109812.412429	111580.457078	111982.353182	
102592.463735	103148.327016	103597.396854	106783.364812	107344.259558	
89498.053480	92096.982812	98627.396302	99313.083780	102412.268392	
104089.476552	105448.412626	106129.942603	106322.070496	107259.081460	
119450.306057	125612.250953	126285.281215	126427.351025	128426.224693	
107601.458993	111697.139436	112963.178637	114976.595871	116451.352493	
100428.042976	102121.152452	105378.020342	110324.989864	110555.736251	
99231.757761	107571.027488	109565.232727	109581.901990	110101.664878	
95773.554335	96285.638014	105083.532621	106606.523897	108531.037029	
111312.515942	114615.270716	117399.538497	117842.386616	118315.385319	
104948.502748	107922.805521	108446.578459	109324.260019	110915.591058	
98182.259511	98962.233618	99062.255941	100989.334245	103408.573891	
107067.881621	107179.058426	107290.768955	108279.176724	108531.840476	
107032.304248	110638.366625	112080.055328	112293.864860	113502.707945	
86016.319464	90015.466855	92695.573116	93328.948318	99502.061466	
97202.675706	102766.912683	104233.783005	105485.461382	105781.944541	
106727.772911	111937.222349	114081.521071	114528.738686	116376.649154	
102755.267268	103608.693309	104571.504580	105433.026546	108598.021073	
100562.591418	104748.165454	106391.073384	106967.852919	108802.003099	
94090.823764	97080.602248	97384.280348	98160.888469	99112.721221	
104050.563824	106529.170116	106984.601152	107405.014752	107813.394540	
90006.031468	90884.089858	101507.397903	104501.940542	105270.859764	
108444.437327	110446.763807	111811.620520	113653.183803	115634.730903	
95935.977500	100571.965293	101081.092822	102793.112930	107165.220373	
106795.364664	109387.640471	111733.650442	115773.294558	116969.769740	
123986.116697	128134.126601	128832.441521	130043.585948	130066.775335	
100748.283293	101401.786457	101570.848970	101801.468217	103626.981181	
110737.682301	115526.858526	118453.752388	119838.116553	120532.635516	
102039.681463	102554.095010	103135.889875	105798.829087	105963.423559	
85050.749514	86206.256505	97918.188278	99035.045412	99883.144104	
102175.565005	103046.583463	105894.227399	106788.174631	108567.395014	
120960.745638	124189.026501	125021.323164	127195.696527	127712.550137	
102509.561888	102973.134000	105277.702040	106383.450101	107815.256099	
84360.167063	98167.965442	98790.317540	101315.042000	103164.103392	
99600.827550	105736.251524	105970.044941	106222.474321	106350.015760	
103719.181377	108165.086126	108737.935697	109785.697342	110695.743483	
93759.920987	95487.491700	98457.694542	101433.543950	101457.005254	
92284.446207	93797.074365	97876.862677	101236.282616	101536.610345	
101845.586678	103447.468613	108220.601043	109308.178587	109512.541047	
102294.835998	105328.638393	106869.653550	107896.146279	108846.282178	
102755.710164	103156.973495	104480.737107	104514.022521	104890.676521	
97323.311817	106225.958934	108935.061899	109854.415137	110717.939684	
110745.659262	111106.563012	113983.381931	115020.208493	115945.477305	
110744.135269	115579.414195	118139.083986	118801.324496	119058.169965	
110857.738750	113475.712704	114121.830319	115928.829196	115950.846630	
100547.229314	100572.095196	108909.572268	112460.747605	113178.247441	
108984.030086	110317.625951	110771.183229	112297.417768	112959.110480	
102635.291935	107591.409223	107824.867239	112695.592088	115230.491947	
90587.020403	96036.542992	98831.414758	100663.100100	100770.358096	
103334.396461	108194.585290	113051.141580	113774.458149	115359.906434	
106270.250453	107252.593176	108615.910480	111841.689299	112363.830248	
103733.683709	109493.283788	110307.479732	110398.648486	110602.143275	
95261.377726	97872.596164	97919.169287	100083.237885	100852.828306	
94321.029113	95167.713401	98342.394871	98828.899954	100150.123499	
96816.547548	98293.702853	100173.399822	101100.271657	101602.118016	
101168.764870	106197.626064	110284.865046	112036.156541	114329.602340	
96622.961385	98111.745405	99297.598377	100384.947699	103176.268487	
99251.763935	101917.883077	104774.470985	105299.145132	106743.393300	
94652.089045	99064.125368	103114.325356	103360.726216	103643.660717	
106202.661712	108240.284687	108345.210211	108842.952067	109309.601329	
101551.675826	109006.538756	111629.619937	112562.049118	113022.821857	
104458.956377	105687.305780	106325.369572	106677.098298	106846.784905	
101287.402290	102680.340496	105587.888240	105698.722890	106494.011582	
100802.199593	105350.635748	108180.682204	108746.030840	109274.410978	
107151.953378	110508.857970	111891.230937	112850.828650	118012.904639	
108013.336312	108074.462132	109800.882647	111736.704538	113152.488826	
100718.695450	101092.922586	103484.909306	103950.682450	104109.651611	
108659.048031	109628.819661	111467.346442	113635.106912	113840.086698	
98627.198417	104287.620954	107249.926167	107309.029746	108564.546843	
100899.586919	102693.133490	106935.486892	109630.554009	109836.234697	
111501.464991	116511.417921	116756.372689	116769.783167	117137.429888	
94388.173846	99543.615214	102039.819213	108643.839140	109520.876888	
85480.297782	93257.943437	95848.096480	95964.321926	97842.250452	
97483.117373	100985.388732	104028.941997	105422.978669	106105.168466	
123398.075076	125400.729013	128139.156191	128164.107723	131760.950084	
101014.941191	106804.928298	108617.357786	111172.004577	111267.825154	
103023.826484	105047.374021	105687.160398	106028.593287	109274.976722	
96083.040656	99795.361267	101649.045876	102024.344390	103429.607201	
100343.682968	106853.440740	107611.218615	107695.684302	109000.201485	
89714.368709	97812.439195	99508.443623	101029.280414	101217.541869	
104185.155492	105557.896463	105762.521592	110207.176009	111735.897900	
95069.035752	95650.271005	96550.916224	97113.808533	99138.862174	
99201.301909	100590.729245	102861.685869	103332.309294	103583.928750	
102347.997218	105548.224238	110282.636021	110716.149847	111226.519781	
92824.619091	96793.677586	99447.797868	101424.884786	101979.456074	
97772.751380	98040.564061	98918.754968	99866.747877	104031.007607	
87980.371406	98403.481781	100126.711237	100689.901905	103071.897650	
108667.319882	110197.086755	113776.248203	116080.142829	117274.488034	
103586.138660	104528.057080	104539.615653	105004.132953	105910.264180	
95029.136091	102386.365721	110661.864275	111344.085184	117350.886333	
100318.764379	104943.957809	110608.860432	111269.438221	112504.138468	
97652.879982	99852.722711	106270.250453	107048.053903	107814.798425	
106584.496678	107571.906066	108239.859504	108677.342723	109359.536661	
95689.885519	101481.869198	101697.414062	104159.046873	104361.372051	
97483.683716	107362.403648	108144.452793	109114.405898	112466.756787	
87612.192984	93244.130210	94046.903812	95565.660169	95714.296532	
102744.316752	108114.324145	112194.595885	112342.327436	113227.506474	
102991.412025	105937.960925	107143.395212	107412.238881	108096.380154	
111210.623983	111252.344754	112068.522591	114267.266137	114971.748604	
95623.303226	101776.179806	101908.811459	104538.913654	104968.564495	
97783.822284	98353.005092	98633.417560	98825.292132	99813.164069	
104211.202849	107231.205894	107232.685032	108556.106632	109018.608064	
102972.832601	103030.924956	109499.605025	109895.363255	110980.084538	
97072.405550	100677.641906	102819.548937	103232.589093	103995.693794	
94514.519430	102745.981566	103344.638837	104777.861675	107725.499097	
101002.204665	105707.513566	108318.618537	109690.546146	113984.936027	
100151.349877	105690.804306	108968.664801	110493.140603	111070.004301	
103135.401401	104830.959119	105507.618709	106775.544311	106969.487185	
99471.263097	100986.415449	101740.962344	103969.822919	104712.081469	
97448.817723	107644.552559	108518.127831	109219.602523	109803.528699	
116217.058348	116828.680078	116933.126116	121159.156957	121966.292252	
96386.434612	99763.124827	103774.120123	103852.778143	104854.290811	
93462.774197	111599.270572	111673.418830	111979.215465	113597.190490	
96639.565073	101053.830151	101127.425707	109511.099571	110223.111689	
99932.658303	104865.801745	105575.533875	106003.706858	106146.517719	
92713.578475	94366.401075	95336.944591	95804.521708	101175.186868	
107388.909861	108886.214847	109482.768912	110809.003695	111648.579716	
85723.229588	98540.768048	98861.316756	103313.635116	103939.100958	
106090.676699	106254.283187	106682.111571	106761.005910	109193.906348	
101088.784035	104366.010190	107341.857261	107358.628195	108612.450152	
95219.370111	98214.593611	101784.385681	103253.462001	105440.846662	
104161.640020	108507.333081	114416.108480	116285.461496	116889.433890	
96299.799895	101274.400779	106084.951199	106337.540159	106958.161960	
105004.033608	105263.056951	105342.424160	106798.936070	107778.652193	
101304.320797	101711.689131	101790.197550	103949.597898	104423.986816	
100053.026546	102470.298148	104113.805614	106977.590016	108222.176494	
107586.795445	108225.162226	108676.296703	109462.314324	110401.037723	
96432.481746	96689.682242	99772.011714	104377.260080	104810.001019	
103947.952936	105125.812270	105207.171215	106721.323018	108955.642500	
89028.878504	101067.582314	101075.217684	102839.265203	102855.586867	
97206.009288	107220.735978	107695.872105	119092.835214	119331.958447	
101352.933570	104554.771798	106032.638722	108592.240790	109389.838244	
103827.667361	107542.441995	108909.354111	113444.863808	113731.690481	
90514.050123	90597.615713	93883.952688	94662.081698	99385.795943	
98809.063167	99403.247997	100719.485609	101656.323516	102719.581478	
95232.066103	95398.515224	95470.657314	96072.118826	96779.525774	
106597.149706	108202.737005	108399.755036	108526.085326	109422.289773	
110616.795212	113765.710836	117497.125950	117555.185582	118028.322607	
108830.252988	109479.433167	111100.287271	111334.015552	112372.818468	
91248.649387	103191.631873	109224.439327	111757.545648	113007.353649	
89973.252946	96041.144875	97234.868101	100054.574541	102734.594186	
98994.119288	105138.770414	106191.945757	108615.286329	109014.812502	
100735.906707	101078.167346	104201.406600	104935.568163	104984.317104	
99733.525601	99826.526490	100992.744271	101880.366531	103197.545943	
102950.179154	108592.685541	110612.771535	110921.133861	111588.876499	
94178.585586	100144.730298	104456.466684	104667.054334	105169.148148	
105423.056259	105576.105244	107289.261435	107775.389076	107876.854647	
102606.018432	103408.087491	105021.940446	105552.267724	106609.629851	
109277.396429	112468.993719	114089.869716	115777.511968	116282.016917	
98534.310474	109226.287811	110126.553434	110484.649569	110554.583391	
83497.851508	100197.232070	105606.676401	107273.851812	108161.872551	
95534.124620	101065.920117	104331.844070	104535.857432	104793.536689	
98153.201426	100600.783523	103285.859357	104221.231960	105114.405927	
92908.011966	97224.200489	100000.378009	105614.024546	106904.556168	
99051.925611	110106.517439	111708.458402	112193.322981	114825.522188	
102076.426455	103971.950342	110773.175047	111814.770410	112424.875363	
107394.535768	109056.924622	111837.932075	112263.792318	113220.338535	
108755.902923	110900.472272	111119.236404	111486.076208	111588.466989	
98248.797555	98932.856081	100382.886012	101828.882770	105646.481138	
94007.537154	96248.076043	96294.168712	102601.183388	103124.902713	
105244.786918	106346.963926	107043.044741	110762.807473	111149.849030	
106139.371935	107055.113324	107164.079210	109805.321834	110485.113814	
112831.831203	113369.727679	114849.613703	115947.539388	117228.824088	
95709.713499	97083.289707	105659.566007	105995.870272	106110.827685	
87383.910218	98087.978139	100869.393096	102608.079324	103421.253271	
86132.229863	88043.072490	95202.663970	96646.930586	96822.024445	
93510.937764	95331.661911	96374.409770	97776.435994	100226.202762	
109973.340020	111190.533818	115696.144756	116518.074985	117421.271755	
101777.454119	104316.168134	106529.824167	106808.554505	106877.262638	
100696.182026	100786.067269	102064.961219	104225.345669	104561.341941	
107009.294729	110024.545490	111268.303012	112512.942144	113923.561067	
90201.903848	92550.271527	105426.975215	106467.843948	106887.565345	
104553.201409	107597.602205	108716.108162	108920.101623	109764.044114	
95397.917934	97675.601742	97730.700780	97804.011372	98579.860262	
106425.217379	106825.613618	110334.857965	110865.624920	113232.969704	
109015.157852	111136.340616	116471.911210	117000.618743	118455.650387	
86341.454386	92403.940347	93563.022677	99632.008206	99864.820623	
77424.616863	111070.378654	112047.291625	112140.321222	112269.847373	
107648.575243	108890.206193	111086.928184	111326.242297	112123.196951	
97744.181416	103212.311832	103499.350959	104161.024173	105515.397446	
100152.320175	102985.099105	103879.682226	108615.667146	109099.771740	
102957.362365	104605.691404	106556.412599	106971.896654	107292.344785	
100424.834025	108551.223959	108940.363507	109485.268096	110675.344379	
97739.605289	105691.627810	106115.166268	106789.905021	107041.850988	
108106.193195	110065.882514	112110.153446	112569.487745	113459.628491	
89110.533036	92600.205152	95471.840129	95888.970119	96028.076674	
105121.414826	106251.741144	106526.254868	106759.477778	106797.341482	
111267.218698	114838.292806	115066.875607	115467.025030	116227.445208	
109726.649407	113359.152742	114993.880231	115264.010468	115394.985562	
89964.790672	104739.058371	104780.308247	106641.403064	112219.396435	
75139.119861	88464.609141	89912.641818	102881.007692	103197.364379	
102770.754503	109403.887281	116211.750710	116942.903788	117466.527736	
99828.561595	102988.625515	103486.072151	103581.042000	103659.732676	
98091.979620	100088.156472	103384.601925	105361.161404	107064.440880	
102270.828351	103108.839313	105821.306619	106434.543136	107291.001921	
99384.651337	100199.867646	102970.099985	103026.943809	103299.646966	
98867.629017	100707.901691	104707.821023	106734.355717	106883.273626	
103974.366444	105044.211776	106102.140348	107298.775089	108068.986070	
98889.552086	99228.026088	99253.853963	100031.040263	101729.809523	
103995.867041	106270.313280	106533.729884	108947.246799	109532.680375	
104935.207000	107134.773921	107974.940935	108535.816722	108604.379565	
92398.471051	96585.537197	103983.786526	105036.192456	105427.460345	
92846.421245	107215.764165	109898.388762	110934.771336	113430.772017	
91422.184682	92683.028515	104248.575768	104280.318631	105750.917295	
94056.737555	95725.904929	97482.390944	98681.355881	99897.679932	
98332.931775	102427.716166	104354.372128	104387.312208	104453.693359	
102858.571631	110694.754248	111433.507931	111773.290683	113023.378230	
99296.842751	105839.120728	106349.080004	108107.533165	109270.345687	
90442.847951	95618.272285	99110.271043	101460.478012	101548.057313	
82335.590737	89819.181494	91957.024308	93320.674133	95724.346885	
101588.111050	105685.779886	106416.900243	106579.911567	106762.778326	
110573.841710	114231.578243	114261.176458	114609.306828	114837.653523	
105505.122429	105540.385632	105848.129889	106049.687649	106086.991882	
105791.768014	110047.297816	111255.155288	112241.248976	112495.272362	
112411.450325	117437.029410	121226.334661	121910.063865	122147.416573	
95471.918886	98157.845398	103920.434589	106838.031438	109256.981391	
107070.733580	109494.683662	109688.874709	111458.636161	111577.228966	
107309.984808	107398.482208	109694.725790	112495.870973	114147.600865	
98038.078431	104015.924985	106125.446595	108246.300596	111319.252738	
92022.417008	93446.193257	98408.826915	100285.201720	100369.722616	
108889.215267	108918.419075	109626.206745	114444.556468	114450.856398	
102039.681463	103251.739755	103326.962686	104527.606911	105244.442932	
113826.893591	116982.153199	119234.134157	119727.356662	119769.065601	
94177.260580	107326.113370	108492.196999	109234.920911	109583.391993	
99051.339751	102344.800379	102846.811288	105190.159171	106216.566597	
87895.891373	108638.719988	108639.774319	112811.829907	113638.364490	
94664.692322	95812.462100	99175.359725	99603.086346	100051.889109	
