105270.257217	106245.291746	107143.691318	108638.618977	109063.422687	
109784.137072	111652.821845	112546.580356	112858.195196	113152.252315	
94662.081698	104159.516774	105333.034347	107642.441017	109996.325888	
80747.492000	87137.907589	98975.049247	99111.562583	99771.717656	
100385.003420	100991.502107	104703.948261	105085.482445	105416.516374	
91937.705402	95423.664237	96349.019472	96943.407007	98582.476132	
93325.114258	101327.250267	103868.151433	104564.811084	104577.532947	
99279.707608	101898.954460	102088.429348	104204.500987	108394.790296	
87725.024951	97437.836522	99010.817527	99171.539888	99335.428363	
104609.751348	104983.190104	106822.021449	107523.069127	109278.745136	
89972.582569	96052.128512	102213.469352	103526.946132	106236.271646	
103215.566652	108610.840318	109888.041418	109950.179728	110395.268185	
94852.988072	95809.853966	106409.977012	106579.911567	107060.817305	
104419.679947	108269.266485	108613.406938	109331.072953	109596.449560	
91217.609792	95622.746531	103389.128495	103779.222303	104606.344309	
101104.186455	105285.448481	107051.021218	107648.334389	109862.681825	
106719.434532	109401.951073	110267.386974	111549.557177	112735.606865	
101667.475762	106058.251387	110838.263890	111081.269978	111688.249866	
96164.418718	102052.319301	104738.937060	107268.534454	108179.349882	
89425.726985	98811.302042	99697.348232	100222.479479	100423.812181	
103757.193712	104274.984888	109602.690338	111618.289695	112452.939076	
120949.665955	121898.764414	121985.274950	122091.677870	122378.977177	
95138.360754	98782.425977	101073.242700	101494.591591	101915.164079	
91262.186924	107583.472778	109348.984578	109499.594425	110018.462077	
109064.638084	109666.535874	112330.395081	113586.335158	114882.464428	
93663.037264	100932.240814	102216.395550	102847.901958	105544.656873	
96550.760393	99215.193113	99908.189675	102697.067850	103502.396975	
110211.995306	111535.666405	113396.397397	113962.472463	115690.364592	
109091.216311	110140.472893	111796.559191	111866.198601	112075.752272	
91570.760322	94601.067606	97901.316052	102346.541833	103320.170050	
91315.678513	96279.363782	102170.047908	103533.887641	104229.064705	
100419.023926	100591.683662	104495.310716	106071.580080	107959.959497	
92104.057322	93090.127030	96258.311600	98172.759425	100151.333048	
97944.292973	107662.401650	109560.995135	110163.182162	110907.878137	
103768.170668	108754.499542	110443.576528	111122.933558	112618.545837	
91631.638664	96878.818598	102642.521491	103933.712402	104629.538373	
97056.051493	97834.015753	99704.053844	102745.196633	103219.196541	
102052.319301	102354.613369	103213.020684	103866.799968	104212.443635	
89676.272348	91662.989374	93620.976833	94645.056166	95539.283286	
100968.026624	102947.294357	103169.961430	103354.910421	103404.605621	
109612.862044	110537.794464	111526.804880	111785.835217	111979.205983	
99669.863985	106095.186335	107554.261593	109551.780758	110119.500056	
93137.991520	101630.876503	104460.023049	105240.143107	105349.731740	
95475.403818	95517.368095	103821.991778	104927.541617	106117.966148	
92555.789760	98803.122468	104338.784780	105510.700621	106062.299923	
93309.215505	96346.401396	104520.342321	104527.606911	105768.057586	
98771.363171	100545.611697	101148.032855	101435.746092	104697.656924	
98176.301988	103088.360039	103279.558038	104143.711663	105268.557084	
107518.904748	110441.046943	111375.712470	111969.076048	113345.932914	
97858.139979	104585.834079	105653.368857	106995.280024	108963.148382	
95578.746136	100418.297692	100790.618164	100879.234317	106500.766265	
105315.874473	109176.685166	110073.120570	110176.862321	110467.346513	
109995.850613	111895.168824	113287.450189	113916.857064	118006.389278	
100049.966945	101089.453528	102721.175213	103423.587483	103610.969621	
109955.799816	111609.552144	112479.098854	116384.345535	117365.227929	
81762.796877	98532.173362	98983.689974	100185.155029	100318.680552	
95958.553165	96987.879850	99996.121214	100631.256228	106764.952182	
95217.769547	95321.809672	97869.292422	98829.783151	98868.169238	
106769.577783	109169.732276	110316.141060	110707.571352	111495.893684	
107156.791706	109662.005012	112901.667578	113227.901460	113571.255871	
106216.571508	112751.565765	113810.172945	114371.136967	115161.963259	
99453.072587	101394.615391	101413.017576	103424.356783	106031.426419	
105410.386514	109769.565709	112785.783324	113788.177774	113832.664437	
105899.054401	106657.986292	107692.060549	110894.752603	111904.484626	
99741.277017	105665.251527	105939.629394	107165.526328	107344.628617	
100069.784881	105163.114629	107690.715949	109711.080209	110175.599421	
92385.534775	92734.154434	93204.788443	97670.428517	100641.501910	
100457.684793	105766.325386	105767.893634	107470.929777	108367.525757	
107121.670259	112610.411140	113446.944656	115469.798340	115507.848737	
93268.502965	99230.087439	99800.393057	102309.098180	102898.418456	
90205.127783	110018.822678	110244.161612	110396.149683	110486.509783	
84076.312975	84526.705881	103569.533452	103603.568883	105486.598491	
104366.514081	107624.388515	107882.533148	108004.407489	109279.845313	
98329.768487	101282.006309	101506.208289	102651.485584	106452.628703	
113490.363007	114226.343873	114872.268656	116340.091752	118513.553037	
105805.991399	108241.873546	108755.932973	110039.070590	110056.567443	
98234.732718	103999.530206	104188.729228	104668.058897	108799.243487	
103643.426466	105205.783194	106897.404895	107900.764992	108215.521211	
97043.866695	107303.694303	107633.212620	108519.507994	109232.127342	
97665.667512	103638.437950	106340.554530	108169.174644	108697.564640	
103735.856116	108618.291528	112244.686967	114089.277187	114099.505006	
104497.917017	106562.032686	107101.625949	108151.082190	110174.553710	
96929.895457	101644.466937	101810.719647	102556.588231	104990.806392	
95493.587668	103232.084270	104588.770603	111506.465000	114648.910560	
93650.282839	96753.826409	98686.302188	99141.299349	99973.066602	
97056.670977	102545.546841	102604.702824	102644.178056	105058.577095	
106353.128993	107330.120491	107422.642524	107805.126686	107810.446782	
103354.045557	106446.618273	106508.164363	106972.537347	110382.968628	
107568.657578	108103.911844	112749.353216	112956.796613	113129.403611	
92283.046021	96064.662655	98262.233684	98798.796883	99465.702345	
93714.696937	100192.503102	106537.745710	107183.966588	109281.313655	
100985.388732	106384.443760	107199.319254	107207.937866	108659.865357	
93325.114258	96523.897622	99512.897336	100673.227281	104224.664368	
89419.564660	99909.445666	100630.698476	101692.694611	102498.456558	
100921.920676	102527.516960	103263.765470	105254.059004	105666.048139	
99878.061694	107145.695413	108765.251210	114428.502558	115154.513366	
99319.193973	100655.137878	103562.843366	105119.287929	109570.644741	
90581.011098	98512.701822	99777.375756	102021.670417	104337.832240	
95109.116906	106257.982449	106491.206839	108236.565751	108788.624478	
107327.750238	109857.640332	109979.594652	111173.250145	111877.416870	
106469.861424	106723.368663	108573.859821	109486.200722	109634.031896	
89591.366411	97449.160160	103241.097534	105756.040588	105882.890023	
95843.329657	103245.476311	103780.825493	106778.573830	108697.042561	
87174.627586	93956.022207	97737.206119	98430.837271	100741.018542	
76888.276481	92268.845777	93653.920440	99801.465867	100496.583337	
104088.162476	105231.144987	105406.787901	106658.009149	106831.276284	
94294.326329	96904.829312	103144.469475	103863.463712	107147.499199	
90575.357589	91806.603520	94392.490185	94759.107661	97650.698289	
109361.626387	110816.017621	111101.815132	111848.192106	111905.171536	
97885.438861	104755.507510	104977.729573	106122.001251	109062.609732	
94478.622692	102851.595711	103506.965474	107461.577063	107664.021327	
111598.746721	113279.786778	114472.094174	114609.017664	117421.376057	
94970.163439	105901.871283	106142.530313	106543.663399	107065.997252	
95325.801163	97399.459524	103292.919763	104603.578647	109928.182606	
89223.650412	102679.769495	102879.146443	104176.184231	104357.405022	
89786.601403	90339.175008	95549.170776	100892.353922	101682.357667	
110294.932439	110844.845112	112239.065682	113070.746669	115922.860435	
111502.972007	113209.709904	113456.708310	113474.720446	113923.784220	
89588.787395	91089.131164	92570.624360	92954.207482	97322.297141	
96983.552895	100220.432283	101667.261234	103886.811252	104739.104508	
100476.394518	102157.997329	104472.867595	105084.872234	106434.543136	
98877.950968	109388.925133	110933.313845	111310.161463	112649.483634	
102057.962037	102525.423932	103336.080250	106869.939139	107090.836923	
91157.515760	97172.865369	97990.698408	98089.474682	99920.832310	
100310.336740	103059.070353	105424.348168	108244.893085	108599.406974	
100703.091805	100801.086224	101088.567670	101254.893221	101442.014053	
108407.054325	109866.228810	110523.107360	110722.481236	111320.215905	
105737.403476	107858.468162	108376.425914	108655.459533	109071.956240	
97377.226392	98042.646151	101886.063526	103664.234656	105853.221280	
82301.331851	102020.249296	106959.360477	107557.134091	108961.820759	
102918.196141	112038.724240	115430.146268	117633.293979	118002.972896	
104690.716025	105688.753944	106716.310946	110175.043441	110486.923915	
105625.689307	113239.707847	115139.904654	119029.329887	119972.723936	
101366.158557	104904.336028	105575.431570	107534.132158	110298.921349	
86680.436928	92695.764508	100781.792771	101219.543706	101554.863845	
101520.455167	104927.822457	105339.051292	110450.149625	111500.576450	
103444.824635	107925.198710	108667.159813	109184.425976	109799.223360	
95487.676955	95633.779005	110015.234340	110588.609420	110703.286077	
79472.484329	90339.175008	97413.271834	100740.714427	102118.923466	
109878.813291	112078.180049	115271.195219	115373.689108	115389.646866	
94538.163983	101513.189107	104271.462260	106146.543954	108049.859873	
84350.944825	98727.509453	100697.051443	102248.440032	103604.872922	
102683.467251	103417.508086	105547.059627	106152.051625	106729.488346	
102624.423832	104806.103777	105321.596760	105773.028702	107209.338632	
90081.453093	96662.393101	96686.855879	98269.641105	99378.018761	
105159.083746	108205.452330	109246.597484	110298.988780	110867.194439	
97544.495675	104018.365539	111078.545583	112470.952051	114464.624542	
112256.185111	118868.686347	120939.080252	121190.498331	121458.059570	
102600.796245	103931.553411	104766.867510	104856.425260	105281.961585	
106613.049313	107227.802361	109246.597484	109601.488509	109755.559593	
108121.320720	108419.487844	109260.377614	110224.178649	111233.778036	
96174.351951	98647.339030	100483.966769	101923.997377	102597.526645	
98605.244312	100874.064012	104150.346266	105700.176361	108068.687493	
96226.750683	98877.556912	109134.926810	112443.840057	115666.037367	
98192.341127	100079.294435	103442.499664	104229.029570	106070.250996	
93809.413066	100669.649177	106389.278613	106885.352756	110535.568234	
105577.454084	107206.298846	107747.590888	107960.832691	108284.033385	
104751.012831	105167.947925	106131.293524	106304.141149	108094.997998	
81037.777433	86085.326696	89893.672744	91245.335622	93499.422914	
84344.267903	94100.165316	95208.368568	96591.706370	96991.053500	
109661.214623	109709.397786	110676.668175	112828.951925	112994.927390	
104245.879713	106548.160184	106928.383626	107403.857134	109388.093250	
100138.121079	104079.692139	105414.150804	105712.182619	107013.711518	
100983.760091	103177.444998	105757.406217	105886.201086	106605.032865	
100300.719330	105511.459077	108341.234701	110137.274489	110234.926247	
93797.074365	99031.363472	99174.338440	99568.006454	100109.403347	
99598.189327	115643.093901	115709.113865	118919.334903	119194.499733	
96541.651922	109097.606570	112870.719865	114442.700411	114517.772710	
95924.961565	101255.869976	102743.294542	106979.922215	107218.282672	
102992.904426	105186.403608	106951.063929	110322.747528	110478.571684	
98043.499151	104453.163682	104469.177841	105350.602713	106650.101242	
89224.972247	90734.302732	96054.199391	98443.103505	98534.094657	
94201.871628	95766.199252	95909.051963	96386.434612	100411.881777	
92702.369006	93813.159705	94670.813527	98266.713627	100297.911594	
99913.440939	106081.694543	107070.733580	109808.375956	110680.470557	
105584.803196	108635.485721	110223.233721	111018.219687	113096.797876	
109185.731066	114506.709618	119117.312208	121141.232738	121296.070688	
88726.654319	89543.420636	93140.739123	95666.325159	98100.081429	
108893.995602	114771.384388	115047.256862	116747.789177	119521.516292	
106972.245771	111504.551735	112151.102910	112747.504037	114663.700710	
79523.594283	89246.406372	95498.801644	97429.367633	100801.161054	
92484.960073	97903.579424	99220.907822	101614.918299	108999.701852	
107233.711029	107261.422294	108967.908535	109669.975098	109787.950457	
89742.170294	95224.851697	95745.802397	97648.108417	99266.002033	
100557.764623	105911.238388	105998.589810	106415.786256	106739.330963	
108005.655204	108040.216925	108323.038314	110007.193611	110020.460897	
95985.095412	99720.982762	102616.328512	102994.782804	103297.940872	
101309.053917	102134.024294	104708.804642	104966.578304	105963.207161	
96357.662528	96615.387381	102161.872748	102900.682781	102903.011307	
99789.371894	100912.798591	109259.182519	113499.399346	113575.018976	
99229.082170	105313.486669	109137.790335	109855.442941	110621.508938	
97935.321861	101190.625616	101766.472421	103997.774534	104357.562386	
95995.005200	98479.311501	101934.389381	102706.926657	103331.521974	
97414.066531	98294.907390	102972.753678	103194.290738	105569.187956	
97107.521373	98514.935665	100389.438021	102043.395018	102066.477900	
108368.150556	109469.087312	114535.082163	114786.508057	115488.248536	
90155.688751	98290.612712	99824.560469	101032.343791	101617.051234	
94330.746313	98256.476050	100232.573311	101105.049376	101806.187384	
99051.504743	107464.247429	107675.698883	108494.901000	109399.169934	
98816.189342	105233.530773	107485.251797	108265.900417	108534.303300	
97396.655439	99039.246011	99252.957418	99368.012765	99841.822468	
95859.816842	96325.029354	98562.605886	99007.707726	101437.732053	
115230.060145	121291.890682	121441.051033	123650.879431	125022.638336	
99945.023182	105027.126046	105972.016687	106789.973619	106846.012213	
93169.176315	111623.396023	111755.449729	112528.387130	112883.017791	
89643.711585	101637.955678	101860.414740	102145.714837	102288.548122	
105855.872413	108526.191531	110263.696084	112963.169461	114509.114131	
99297.720054	100199.039860	105375.604672	106105.672189	108967.126989	
97346.510562	99849.703075	102846.297720	103580.148725	104441.180788	
105612.852444	106112.164125	109260.068891	110115.578824	110208.062212	
103403.935803	107149.115799	107687.742882	107755.092184	108754.056727	
83251.676246	103681.984289	104343.390905	104914.913079	105761.833625	
105527.892372	109643.170996	111128.977287	113146.070206	114302.326652	
105134.292778	107461.514528	109901.875580	111024.030995	111529.382827	
104911.123411	106119.694363	107620.463997	108239.982303	108969.074991	
98426.838294	102666.287791	103891.284627	104170.637348	104360.518088	
102862.762670	104177.142860	105755.123289	108472.680131	108912.681108	
99266.195497	100519.696974	100605.084987	102167.595304	102383.888566	
111356.356361	112555.584666	113568.719420	117874.294339	118490.698825	
94798.116854	95723.319052	99462.068858	102231.188846	103325.207479	
97181.432167	97246.805202	98593.916642	100092.919393	102453.071731	
111642.110691	115333.684263	117825.962441	118178.604642	119857.218730	
102094.366599	104358.129858	104884.238347	105817.650195	107091.990184	
98562.569170	104845.494547	105344.358558	112160.799067	113190.036378	
93459.696039	95689.885519	98261.171254	100443.004485	102653.729229	
102327.539929	103819.000935	107407.584061	107834.098200	107935.580203	
100197.493331	105577.515148	105657.219052	107138.017016	108506.871457	
96469.975151	99383.700654	103622.881457	104646.288742	104855.845990	
102179.172011	103084.139445	107705.360878	108218.988274	111699.899949	
112962.582709	115232.557917	115965.994072	116812.248717	117482.979973	
97808.290801	105563.437741	107329.123607	107628.844575	107951.103319	
106836.359576	109327.674192	110778.910461	111073.362829	111765.394191	
83985.761692	92501.148015	93140.190112	96394.617738	99755.292246	
113004.500170	113080.866430	113446.015019	114779.642017	115340.939173	
94182.992274	95842.909021	97963.966353	98554.680573	99475.718725	
94920.264371	100638.239871	105635.112742	106164.248340	106938.008118	
103825.548720	104926.260336	105519.349136	110104.078603	110178.902257	
99853.566852	102654.050887	108007.548364	109559.000988	109857.802684	
97656.264316	105228.264446	109508.769115	111200.581927	114255.128742	
113411.264207	116399.406555	117096.084304	118500.261608	118550.351395	
99302.258045	99543.716135	103640.039505	104949.534344	106818.676038	
105803.136130	106322.960347	109036.936910	111609.887694	111947.944193	
106415.519336	111841.567118	114450.741261	116390.124534	117131.835223	
95497.185383	96712.146385	102577.789924	103580.337508	104808.211538	
118231.837428	118765.566509	118812.546102	119041.653558	120143.216234	
102767.676927	104916.145975	105172.691941	105531.127797	109318.633405	
103718.319442	105200.450229	105493.688897	106290.922368	107305.967322	
101694.728004	102450.180155	104036.208459	105455.219137	105982.085836	
99885.005701	100442.787068	102312.494064	102845.099061	104273.560062	
108146.349007	109525.882585	110306.012671	110959.095276	113442.005026	
101436.686202	103061.952910	106386.211095	106921.713516	109994.112306	
88507.179784	92486.664483	97914.744332	98919.481105	99704.295781	
100890.233106	100918.255425	105854.391920	105868.599381	106198.720767	
89972.582569	97019.468774	101427.483798	103420.451978	103739.514897	
110672.588133	116624.117699	118088.793195	120476.168753	120854.010672	
104769.266075	106375.148504	110582.029219	113313.033094	116809.922118	
102538.782325	106817.137757	107635.668989	107912.836132	109261.217357	
123828.478876	124241.980125	124473.682921	124899.308494	125885.827358	
97387.604549	100079.587457	100986.415449	102470.624969	102579.940825	
81830.869218	100555.120306	104555.093523	105750.618303	106872.842444	
84314.997399	98453.983073	99556.423132	102487.521898	103395.785567	
102158.826974	103069.193423	104309.768338	106545.555471	106820.283523	
99942.960123	101418.683067	109758.308754	110657.858366	112179.295362	
101174.596326	102085.614026	104427.387222	104566.499360	105662.986309	
90780.973900	93753.007467	94010.448522	96279.363782	98816.757888	
76829.370109	99097.724843	103343.107060	104167.858304	104561.006300	
99501.729343	102658.323267	104469.927011	111677.569455	111737.002276	
102548.800820	105652.712328	106912.713888	108891.021343	110371.826455	
95048.613752	97943.084859	98780.122014	105398.901279	107668.854904	
99954.231146	107966.993610	109165.577855	109726.334542	111158.805137	
99342.056253	102070.329207	103996.402201	104458.513491	104988.562573	
92869.115609	106875.718769	107439.988714	110378.309184	114594.738928	
102179.172011	106173.835905	110025.780155	115819.742071	116734.186709	
94634.408955	95403.364348	99748.727702	101848.812260	102764.008884	
107433.773668	110937.324409	112401.319417	113057.911308	113636.109088	
97205.391813	98554.097950	104742.790924	106556.252748	106662.604053	
84699.507239	96657.339845	97194.582073	97583.869888	100460.934702	
96589.821319	114752.089988	118228.689388	121502.738312	122234.241607	
95911.278246	98226.827300	98687.893983	99073.843636	99282.341469	
104880.477200	105946.025690	107920.791726	108150.166138	110224.178649	
88601.246759	109035.764290	109969.394763	111615.501306	114139.136295	
110614.548880	116801.460676	117511.844942	119152.207904	120298.590891	
111714.629602	122396.156265	124407.638449	124709.179493	129612.532259	
95445.068054	100605.168279	100863.961271	102040.385166	102901.898604	
102773.589917	103818.992279	105124.044363	108176.556749	108855.750842	
101703.668360	106667.143043	106769.719498	107820.494710	109212.421551	
123654.341223	128279.268479	128600.446202	129128.367925	129511.683386	
95491.128802	96675.979114	98484.740017	99811.715316	99908.006690	
95486.581117	99785.476185	103130.523167	104408.487344	108452.071932	
106658.866603	112238.866457	113380.719953	114603.085159	117437.083948	
108280.996710	108764.366478	111657.984425	111997.394357	112264.648215	
104904.336028	106102.397043	107115.846034	107940.732967	109477.677652	
103615.986307	109250.892669	109349.150220	112181.806427	112899.407460	
93601.936683	98340.055698	106435.918973	107054.137757	109455.619429	
98034.141762	100849.258790	101112.626581	103075.773202	103394.432262	
86965.616246	90228.840648	94115.071180	94948.815437	98694.696377	
83265.182982	91515.798147	94417.727626	95072.765980	95487.789175	
111191.098312	113815.386017	113899.219068	114661.941606	115078.122183	
98616.538095	100618.613045	105365.140512	105871.600292	107194.705355	
111867.303041	112664.621394	113743.563827	114011.377062	114071.057822	
105067.952334	105544.446966	106448.266818	107218.725405	107461.570630	
99317.814941	100882.398714	101193.245049	102555.194708	103589.501227	
98769.952352	100862.639408	103196.221067	106889.141226	107570.679066	
100986.397591	103834.372153	104750.695781	104860.694416	105001.657798	
102467.395777	108559.311111	108694.999402	109458.182822	109564.802667	
104275.999133	104340.137593	105488.527236	107588.417420	108376.193257	
87741.568278	89216.193051	96115.365049	96304.697055	99803.341649	
100469.832838	104833.932118	110840.582115	111107.748335	111861.812887	
112221.994452	112293.483535	113020.743029	114368.494136	114840.870775	
106368.082127	108206.597630	109422.617173	109567.944274	111419.829616	
100705.081765	101834.496481	103990.269297	104796.145446	105730.559676	
108974.076785	113669.001569	113717.630052	120118.474545	121677.845492	
100715.453115	104982.596237	112445.504493	113827.590108	114090.212049	
101047.284733	104462.072097	105070.082027	108107.356264	109100.034053	
110135.352974	113551.226285	114486.497065	120185.814949	120335.796303	
106877.623382	107733.293672	108804.737646	109421.271548	110553.131529	
103210.208916	103325.207479	105543.176037	107507.774999	110267.263660	
95550.068391	100499.467287	101437.850251	103057.299407	104073.225371	
96639.565073	108916.230951	109498.853379	109992.756810	112621.172815	
101042.293315	101828.882770	102824.971812	105125.581813	108953.780654	
95586.526413	96665.640267	96882.387108	100023.211282	104666.373458	
96864.324023	98025.216941	99533.075763	101217.073619	101839.669434	
96921.515740	99082.557812	99538.676721	103803.563095	105265.560552	
90478.977443	107876.537926	108511.652941	109470.555591	111428.556213	
97583.869888	102241.805821	104095.062256	105098.814777	105605.253816	
95456.132873	97650.305789	99037.170292	99722.486612	100216.872678	
99475.342841	104318.145708	107000.333277	107225.132674	111469.121059	
96383.755528	97274.051551	98305.807111	99812.202178	100264.720392	
97158.346804	103286.641064	105025.070023	105344.567119	105746.693923	
89981.193939	100558.021899	104145.086914	105528.713074	105723.157746	
102801.040088	103474.486669	108504.974443	109545.648863	112724.673854	
85163.460028	98636.748280	99409.488235	100238.268842	104216.343067	
103981.838460	106623.901758	107192.643703	108312.430242	112857.747727	
106918.741660	107399.815694	109031.246785	110521.827438	111204.058038	
103725.926472	108984.748095	110113.309655	110551.891376	111594.420886	
95146.420106	100163.952912	103404.617928	105651.038032	107759.015614	
106437.461899	109545.541670	109985.522092	110188.825037	112102.523576	
98735.348367	105113.042764	113072.239468	114585.865907	118084.435011	
83238.085106	90436.682824	103945.913092	104352.077297	106106.889045	
94508.008341	98436.364241	100068.650637	102425.468388	104265.933065	
99686.096159	103929.383732	105419.381038	106505.131031	108642.787285	
97624.132048	98992.847788	103560.544535	104094.497098	104226.474100	
96817.897045	101365.032866	101412.859551	102126.363053	102538.549743	
91220.672076	93378.197593	102881.964870	103984.954904	108629.047621	
100087.543687	102987.759781	109151.260497	109163.650207	110573.867337	
101660.907079	104060.157930	106939.104363	107907.595164	109221.905724	
98153.201426	100822.663478	104970.519630	106549.591717	106570.398755	
104767.170554	105112.310395	106085.724215	107551.966656	107678.143084	
96194.474807	96732.143686	97589.314144	98140.607637	98452.923589	
99486.408157	99684.292995	101761.598731	103040.569267	104154.789025	
107000.338237	110197.406573	113386.477881	113695.671961	114386.339502	
100221.012122	102305.995989	104902.818549	105738.053670	105772.423815	
111677.818459	112739.866993	114104.187941	115335.917269	117314.700875	
98381.317081	102010.522856	102910.367199	103139.068950	103444.752297	
94765.661293	96380.384585	97482.640365	97874.911586	100749.356331	
104610.845459	108367.925760	112648.379069	113376.154101	113477.707911	
118161.074274	121146.445711	123697.458016	123790.098488	124317.210680	
104192.767608	110172.554172	112224.586575	115926.218344	117515.880123	
101886.763255	102830.974148	106374.999684	106494.011582	107950.154261	
100142.933617	101781.573709	102868.245661	104521.292850	104682.840765	
107442.574132	110787.271705	112227.140432	113154.095436	113254.864835	
108166.967673	108785.554101	112881.874155	113467.163329	115258.106423	
103681.400539	111165.108087	111379.469839	111874.789874	112030.040531	
108471.881171	113679.908582	114731.464029	114770.748176	115880.073203	
101868.889712	107332.243703	111480.314223	112490.906444	112494.964901	
96701.837924	98910.344646	99428.766717	99579.034510	102895.691600	
105822.043468	108040.194523	108491.738252	109287.690809	110896.965628	
98554.680573	103307.392400	104495.627669	111437.507623	111955.573080	
103490.846987	107428.914118	108960.006054	109448.645295	110749.914915	
97160.936114	100338.467576	101185.233655	104870.068600	106500.970166	
100294.710799	102432.184598	103776.763060	103897.185486	107197.132503	
100136.441221	103939.068365	107106.000410	108341.783905	110084.658136	
104165.180836	104339.562101	104546.832554	105283.972134	105705.391499	
98211.935496	105963.314345	108635.476302	110644.332546	112156.917439	
94623.113402	97834.015753	100345.421048	102990.248302	104750.695781	
96027.802632	99317.888363	102131.972020	104596.337268	107069.364863	
106452.143811	109280.277251	110485.111614	110971.683043	112375.665775	
97650.698289	118336.761881	118963.657182	119354.419721	119671.629411	
106883.990178	112979.261383	115712.393560	116404.719877	116855.134296	
107949.907287	108937.218906	109636.053949	109907.100185	111294.218570	
96125.095124	107229.637504	109337.016997	109775.659775	109843.886524	
101468.480180	104928.385122	105197.512212	107259.862469	107560.337209	
107644.658280	108011.249280	108867.423639	108878.770633	109188.748550	
94598.913820	105566.028196	105742.027978	106609.741902	106740.182195	
95554.260675	97899.696812	99944.294265	101772.185675	103590.118232	
100179.338287	108267.223205	109432.415849	110962.281112	115615.888653	
93936.323155	94765.897082	95324.211912	95735.741542	97611.693357	
96309.281620	107196.703480	107464.184518	111686.678246	111921.055347	
93753.750999	103768.300003	105698.745181	107260.117807	108377.175086	
103525.278214	106000.287846	108352.606274	111078.704259	113141.981512	
91830.148961	98428.977446	104611.960038	105811.849114	106502.218401	
96373.590237	104223.299805	104483.390769	106210.213141	108536.766567	
100721.324447	104150.503013	105457.871968	106420.673805	106671.228751	
100212.896548	102319.649365	102923.594027	103357.766711	103470.789842	
103197.054181	105359.875186	105371.829379	106359.695470	106591.848594	
98387.406889	102226.055446	103141.322663	108249.953019	109080.891615	
104560.593939	105634.652819	105684.104185	109905.650430	113057.152587	
106148.512350	109497.270633	111375.406075	112539.094330	114396.879998	
107019.780061	107598.354404	108476.000396	108569.194378	108778.057727	
101332.656446	108167.484364	108222.269872	109004.230111	109630.986330	
92615.581638	109056.045059	110461.541034	118090.777856	118830.176587	
83355.978922	97281.845255	99651.489445	100880.044284	101152.444122	
107696.257500	114278.486378	114867.838899	115549.914046	118402.058538	
115128.469493	119630.428029	120870.955237	121623.140237	122018.736109	
99458.794620	103205.555782	103686.723342	104136.562600	106587.160919	
102336.565616	105485.918949	105705.391499	106711.475278	106833.306378	
103762.092773	108405.921246	113826.483107	117781.740967	117842.795672	
103932.581875	104096.658917	105356.397082	105618.809046	110123.684066	
96030.715587	96528.523045	103436.774182	104153.608057	105253.144133	
96289.995195	103350.279665	103480.274428	105196.416135	106698.850001	
92783.416950	93214.271125	94858.746953	101950.968699	104284.814306	
103982.327087	111309.751265	112597.874528	113309.433607	114447.877423	
106650.427585	107953.325739	109021.397290	110284.235033	110523.706880	
105219.724500	107088.167554	110120.354130	110309.662998	112026.647261	
107924.995914	109637.935329	110922.479629	114452.057937	114663.224243	
107906.656045	112719.271493	112893.003860	113435.957231	114349.938611	
100285.095371	102420.656206	111727.043720	112246.451989	112302.976950	
110029.966429	112725.264738	115945.501478	116627.853081	117201.943611	
96603.485736	106659.799879	108998.298672	109132.121381	110451.472375	
104208.237488	108731.417763	111685.804139	113317.923681	115336.883844	
110739.745059	112604.631088	113617.838532	117080.164471	120647.431461	
89139.462618	98156.529065	99433.375564	101656.735915	106628.615082	
107111.195369	109182.057481	110812.614652	111774.651278	113577.702160	
119342.977612	122705.725004	123910.342588	123983.942406	124875.046260	
108048.888194	108475.536138	109077.878444	112714.049505	114282.658034	
96405.246199	97331.007061	98837.677552	107899.090799	109629.425870	
97608.592709	104470.726517	106886.717092	107629.724896	107824.080760	
99252.564592	109523.118263	110331.167390	111425.444553	111523.316936	
81895.124633	89095.519963	93546.088291	93840.131864	94719.795370	
97443.618917	97901.316052	99229.082170	103337.085202	103473.062869	
109736.959317	110788.535673	113427.003061	114166.935299	114849.277922	
107610.487868	108419.327210	110498.814609	111893.176150	112383.742075	
97762.573125	102039.819213	105796.421095	106053.249080	106062.678781	
95458.930336	101253.886636	103326.962686	103469.312150	104142.532415	
95586.543951	96408.416465	98600.981457	99795.346016	99888.508707	
110003.665141	112702.369965	115508.679554	116704.248770	117562.397358	
91777.127443	95186.209729	97449.356787	98664.602158	99107.635380	
100261.444003	104786.936107	105052.092481	106282.843245	107069.553519	
90512.836344	96885.024816	97161.079078	101964.979720	105306.254624	
93933.067149	94831.488579	97568.202011	98054.497873	98126.693998	
107533.712463	110720.885948	112827.505700	112944.936294	115433.345311	
106202.107087	109252.754944	110113.933009	110556.895829	112079.250272	
94768.297802	95623.260069	97403.204971	98606.955101	99159.766891	
103851.521116	105433.279714	106074.444832	106104.714845	107821.391662	
97634.849238	100175.996447	105504.561027	106137.215479	107169.432686	
101526.293736	107668.217495	111044.249289	111841.505372	112238.077873	
95456.223442	102060.370008	102423.336103	105655.988324	105664.381416	
102763.438514	107656.127801	107757.202769	107787.832872	109463.057316	
89805.196070	92147.720057	95050.594854	97517.246483	98538.188039	
86485.478690	91740.994820	95833.775601	96373.364079	100442.787068	
104680.799518	111259.899902	114444.632156	114984.403019	116943.151089	
107041.125773	107614.512357	107767.285929	110862.860451	111172.766780	
96369.502358	97458.887730	97710.476693	99728.891116	101532.421998	
104301.092637	105284.077994	105528.386036	105612.542752	106548.890835	
85630.913547	96466.405120	98813.881238	99670.378700	100438.081457	
89256.821282	90131.776088	91983.387901	92355.986175	93419.400855	
100846.006181	105384.456073	105553.660245	107539.042205	108822.982901	
88949.420411	96497.384188	97059.447977	98297.878940	98305.807111	
111778.931405	116109.593020	116596.904306	119871.492520	120190.810311	
109732.749653	114443.670869	115635.764664	118491.369996	120494.720623	
107257.835465	108110.463544	110090.191281	111535.666405	112216.353132	
92882.642518	99406.518575	101013.527871	104114.153231	108183.789088	
101969.645641	102225.424311	103830.104262	103992.289662	105344.567119	
87765.590755	104128.431564	110905.261383	110909.585759	111573.010540	
95440.095072	96498.189125	101180.093129	106435.963645	107046.368642	
100455.937955	103654.982663	105065.719396	107294.925960	109032.183717	
93994.845695	105277.311765	106027.189335	106621.566359	107855.155151	
101560.956312	107381.266682	108342.841743	110483.996764	112214.495472	
81672.228006	94103.575880	94610.884805	94713.806697	101883.748138	
103583.464885	105073.144197	107192.908460	107337.495208	110103.102639	
91440.628193	97173.842469	98136.913664	99690.328095	100989.334245	
105924.713516	111347.113857	114276.997688	118779.304233	119088.138308	
102158.183490	106304.141149	107530.821755	107888.979229	108426.559442	
101996.553394	104602.387823	105680.278111	105842.870347	107116.632899	
89123.703570	96161.044412	100723.914501	100775.966339	101230.364663	
99795.383457	102456.013848	102760.405364	103399.841219	103645.416512	
100588.014898	103833.949480	106599.864753	106953.730343	111256.151310	
102038.157271	102910.367199	108862.455223	109235.508788	111414.143908	
108661.124368	112492.480993	113334.060122	114190.084827	114368.338445	
99820.518711	105303.258530	107693.820594	108218.271906	108307.299533	
89974.304131	95238.464168	99204.737031	111096.506619	111116.709931	
101002.204665	104249.872382	104923.079959	106000.796648	106705.890035	
103321.809878	105925.719953	108753.676632	109026.795554	109297.005655	
95729.263222	96229.678376	96764.551438	104506.692642	107214.932404	
98466.635844	98555.339702	99314.328224	106645.883905	106937.250337	
93688.345568	96293.469508	99112.721221	99920.832310	101421.556294	
90167.684105	90481.123275	95985.701417	97775.457496	100253.586914	
111556.616488	111655.192973	113285.572387	113706.335273	115090.777455	
109253.255712	111916.437396	112288.207876	112347.056056	115136.556904	
86737.231275	103076.967900	103618.803317	105353.981983	106620.366344	
108862.953042	111924.544566	112009.417298	112323.886821	113181.098173	
87418.255827	87690.405760	88906.305899	89655.270494	94329.593807	
109862.441736	110347.928286	111232.791566	113587.473008	113609.343025	
104781.230260	110380.267532	112313.617654	112932.077068	113211.397655	
113483.042250	115206.888777	116049.396011	117622.041487	117896.005258	
100820.129701	105457.223189	105950.363062	111724.949086	114088.995977	
101615.199400	104161.640020	104530.487772	106629.028017	107026.994741	
88796.503010	89564.357361	89936.711323	90268.610249	91780.996493	
101653.706694	111172.253641	112060.071797	112161.574158	117649.223493	
92231.599787	100981.486017	102622.533707	104244.197950	105028.880974	
92547.692096	112765.978724	113502.536713	113864.893566	114710.023410	
104164.627908	105156.792733	108707.618541	109027.611577	109793.326943	
102094.429127	104513.877576	105373.965038	110100.481454	111051.362099	
89347.916381	99949.342063	101782.034675	101929.096452	102128.953384	
97913.005345	101210.565957	103623.360706	106054.254142	106875.329994	
83453.244506	97728.604106	103064.132073	104967.821000	105826.121234	
102027.029401	107981.501542	108080.109925	108627.564889	109048.265538	
110483.866432	114870.060866	116391.123526	117231.314051	118007.723602	
100079.587457	101668.796274	103376.912746	103665.719854	104086.167008	
99983.848884	106097.094182	106176.897520	107674.566513	110932.976519	
96439.012063	104799.163033	106230.784145	109770.682554	110648.674499	
108000.831972	111783.663459	112821.734417	112951.164065	113734.014122	
100483.329157	103853.786870	105201.118333	106283.936830	106756.394207	
101626.987673	106434.490052	108777.530764	109272.370881	109360.925917	
92099.745941	103495.479663	105932.039913	106550.497128	109708.841202	
107633.350794	107982.766724	108428.233824	110432.114429	110456.160945	
96198.967213	96770.614494	98951.676253	100416.221474	101872.681684	
96404.324324	102394.583502	104454.925894	110573.819195	112821.533009	
109648.343427	112170.521267	112719.447266	113943.070728	114980.243616	
100170.372969	101686.023932	105126.329778	105361.417537	109455.612852	
124878.139767	124935.169075	128057.850260	128924.454272	129489.409497	
102498.204258	112306.891556	112608.191744	113688.929028	117277.123791	
98494.417683	102636.723040	104295.538486	104443.246319	104633.057809	
91272.940315	105743.558645	109314.595718	109633.933203	112505.691665	
100741.917964	101638.687676	104142.565844	108221.751914	108637.783371	
109082.322675	112555.176757	114784.058278	118180.420766	118484.235919	
93169.383198	108480.638198	108497.063811	108912.651917	110891.462332	
102326.043628	106438.271988	107183.894165	107382.791046	107770.377875	
91207.758806	98821.412605	102445.192709	103002.606891	103225.903297	
96108.889884	103587.752112	105577.614573	105881.261427	110446.942197	
102365.124420	108640.040718	110958.938937	113393.414673	114308.555748	
111819.578609	112270.909108	113722.992105	114206.512602	115153.780618	
91500.383281	99157.509672	100830.261475	100967.284243	102538.307777	
103745.483981	104196.966097	108622.870456	108725.585279	110281.597506	
104692.604100	107735.661295	108387.319309	109970.369247	110051.128348	
97911.118632	99017.260028	101036.103309	104738.408766	105960.957572	
104219.119340	105161.508186	110977.156929	111911.204508	112464.168755	
101516.746665	101790.826616	104155.996046	104862.914831	105344.543819	
109368.656686	111568.813320	113543.819059	113606.234161	115631.190074	
102090.692780	102565.248498	103282.589068	104017.780497	105365.506430	
101170.953450	102740.932818	102862.147072	103230.211589	103981.945418	
105643.841313	108916.837384	111487.248919	112526.723437	112872.223355	
93710.196627	96997.600453	103649.262626	103938.159722	106409.191616	
87732.273634	92494.572274	108202.298073	108696.165586	109461.307660	
101964.979720	106000.420733	106142.530313	106551.998413	106861.426621	
110746.733084	111320.215905	111442.542324	112799.913242	112811.395256	
89362.277590	92718.535825	94295.639039	100959.993253	101075.250297	
107004.023621	107603.690808	113396.267513	114133.337532	114197.564698	
96391.885788	99731.836678	106939.339979	107092.553071	109222.560922	
98274.166512	101193.844141	101640.883296	102529.405887	103857.063697	
103447.451796	103553.057442	106518.583602	107879.487712	111985.467851	
91162.558498	98602.960579	100089.608838	103657.371383	104153.429411	
103414.825344	105920.028378	106138.135906	107720.746564	109355.515572	
97687.039152	99993.045286	103417.640709	112113.766785	112431.465755	
84076.312975	94823.464224	99493.102745	99652.393225	100296.226159	
96822.024445	98455.348590	100535.826750	100650.715343	101859.970302	
100792.275046	103815.729709	107537.329600	107711.769864	108174.751178	
90085.960841	103584.368331	104001.895131	105156.792733	108150.279880	
101554.783992	102480.046258	105501.986202	106647.176828	108520.148010	
107190.780968	114372.623122	123216.936453	126273.752871	126292.410019	
110163.522392	110167.514664	110449.934110	113718.226668	113747.090442	
106692.091929	112044.573846	116249.515276	116493.142223	116885.321833	
101700.157262	104014.002424	113357.616591	116850.447863	117662.277119	
87743.659051	103952.121406	104572.591514	105136.276803	105902.462931	
108208.800169	112371.729663	119865.699885	120061.302360	122408.601308	
98218.273663	104790.464416	106006.162665	107577.870282	108070.288994	
98174.082255	103540.897330	108506.036474	113055.583650	113623.746398	
97201.028509	97351.775960	98954.542771	102959.894626	103283.994065	
90419.736231	93746.651698	96878.818598	97235.417004	99860.542650	
89953.438236	99975.948585	101657.961174	101932.794283	102883.673168	
97387.518333	104506.692642	104959.972371	105278.842752	109146.814176	
102001.354800	102859.959829	110099.695922	110612.250733	115200.225894	
106365.013919	108035.608380	111393.258301	114271.591340	114429.298925	
90729.623206	92085.785242	101107.050688	101259.691628	104265.255689	
99741.277017	103376.126841	105290.946722	107117.534864	108161.514784	
106195.812480	107183.536405	108764.181752	109112.326024	110719.685808	
99720.976741	100832.839865	101229.510272	101588.822996	107899.430514	
86129.517831	93879.356309	98550.143086	99051.322638	99078.875817	
101440.317618	104934.930883	106747.495220	107878.340077	108817.593180	
104089.476552	105073.309463	106892.733564	107122.256567	108494.079998	
100793.890894	101956.562736	103877.650621	104580.842848	108324.424278	
101882.050131	107408.852216	108334.352099	111775.006565	112257.703596	
96764.843099	106446.925382	107072.247656	108417.773955	109167.874021	
106317.309868	107262.913737	110286.225093	110289.488882	110787.459573	
90766.726761	98980.712288	101131.604336	104357.405022	104364.806184	
105855.792532	107645.630458	108219.598200	108303.323367	109029.413205	
102493.935161	105343.160915	105972.521676	109761.400799	112303.149735	
104241.989808	107395.517146	108463.752637	110807.128604	112124.266633	
93566.289376	99000.703868	106035.319310	108743.575825	112308.197721	
99805.516212	101822.697546	102038.359302	102317.025102	103862.389419	
87997.829254	89508.379728	92085.636825	94988.018319	100678.241642	
101829.571952	102927.701364	104547.449757	105798.696632	105955.376418	
98967.438631	102103.009747	107070.320345	108867.586180	109393.544401	
100149.702965	102970.636010	103071.885127	107064.652598	108024.274227	
93340.469316	93818.739708	94193.574420	99633.855939	104376.108279	
102805.037182	120526.960160	122721.460994	122764.793259	124386.633470	
110816.017621	112573.898770	113321.158211	113651.035870	114007.129531	
104122.080444	106381.990842	106650.145187	109039.669399	109133.518137	
102550.612098	103146.737402	106692.770517	108129.922523	108260.963529	
109386.604204	109453.453737	109843.137679	109864.903748	110954.063354	
99677.449846	101493.738653	101769.733140	101981.650394	103130.749973	
91876.809938	107951.663276	109473.071224	113375.657167	114763.503704	
101208.875407	101760.452436	107029.329748	107621.143734	108034.102679	
108944.172599	113576.751609	118710.595680	121128.183701	121428.959563	
96044.870581	101085.595536	104703.458352	106348.782414	108570.536339	
90811.235889	99743.465411	100076.572337	103917.261299	104133.085553	
103559.678898	109248.353929	112923.928540	113747.017348	114099.281574	
93347.774252	102829.955229	105163.849681	105576.538053	106384.832728	
107412.056417	111995.693738	112886.200257	113234.434701	114235.176440	
89955.543864	96759.781807	98352.560177	99119.640219	103747.360412	
106289.745574	115139.110296	116311.838244	119129.017094	119182.111466	
95922.922667	97213.127629	98505.235462	99875.389291	99949.135017	
92617.788848	96365.732239	106215.727069	107456.453763	107523.069127	
103020.860366	103802.437819	108191.922057	109615.196320	110679.521790	
117066.572838	118128.914471	118895.434348	120729.388190	120807.755312	
95748.808537	104747.588451	105037.239931	106782.285649	106911.571479	
105971.994221	107464.388179	107648.232861	108925.649782	109199.487458	
107808.140413	110436.559958	112914.475519	114669.473472	115298.007740	
87215.126032	99638.991696	100337.747548	102616.059408	103508.113318	
97455.552840	99644.550964	103245.835435	103469.562523	103788.205622	
108563.477652	111374.458661	112399.906130	112433.719695	113393.097661	
96238.305584	104202.192091	109632.803206	110602.212344	111104.492717	
86487.349142	86677.028776	91262.186924	93813.159705	96079.114763	
104247.033336	104913.898488	106786.677096	108435.723337	110137.274489	
108801.133587	115418.116700	116055.844141	118007.591413	118213.870584	
96258.311600	109044.768525	109755.817523	112114.378178	113816.705482	
116361.741944	118911.322304	119409.719155	120631.050182	121163.298322	
96056.193175	96427.203927	96750.732214	97197.574484	99292.494430	
88051.009758	100476.156660	102070.329207	103705.165179	103918.759059	
118287.769284	118330.137112	120672.900439	121891.949102	122298.767846	
102016.515956	102575.241836	105423.739419	105453.346838	108587.856613	
101292.590702	102341.630726	104852.668108	106706.094223	107423.231337	
110788.038436	112687.525691	114074.506489	118373.257649	119656.941399	
98721.950757	101307.638853	108521.758955	108606.904569	108953.232289	
113043.199063	113408.495448	113877.920592	113968.251116	114030.899865	
96996.667343	103844.896379	107590.937076	108567.964179	109034.523924	
94580.848228	97888.009059	98155.529376	99429.705005	100163.461327	
100345.405935	101653.380609	101765.032014	102055.659604	105837.460558	
101664.392938	104865.163058	107019.375447	108490.998143	108651.929954	
105811.191438	107078.017118	107337.763212	109002.723687	110005.092153	
106349.125894	116449.594256	118481.081526	120219.571534	120340.193848	
101352.576698	105813.346689	115514.262379	121972.207866	122824.611574	
104886.624255	108825.183333	108836.959115	109608.121267	110171.397375	
99015.716879	100969.712520	101424.884786	101669.677839	102491.161870	
98488.611283	98763.950520	101105.742867	101385.226626	102207.819573	
100787.110698	103986.991195	105598.521869	110770.431158	111582.076088	
101924.567805	103712.164366	107627.049123	107658.372776	108753.006972	
97083.289707	103486.272296	109252.943937	111132.602047	111642.200711	
102915.409931	103370.719968	105442.926409	107415.201767	114002.166816	
97877.875138	106559.048680	110709.325103	111425.314936	111591.564726	
90614.715271	98292.908588	100454.366057	101969.454059	103285.559230	
95490.975928	100783.623296	102430.773528	103232.338044	103715.188454	
98599.977978	100092.563281	102538.307777	104343.157615	105489.265152	
94177.796807	97247.760254	99713.191185	102515.044364	103291.223741	
95194.464336	102390.729814	102831.780136	105104.886462	105465.589811	
97651.854170	104380.823304	105034.750722	105405.417865	105940.322056	
96391.728710	98099.316071	101819.538596	103171.346559	103319.506927	
90192.040945	95206.207160	97893.490665	98781.460201	100215.445326	
89431.091550	101043.034758	105035.138745	109759.601452	110791.494890	
92111.892310	96405.246199	97737.206119	98181.653766	99771.469551	
105764.207130	106231.169787	106693.038917	107026.117796	110395.123475	
102941.663917	111226.416941	111808.569420	112008.152882	112673.770693	
88243.598637	91848.778119	93936.323155	94555.929673	95639.411215	
98804.712534	99595.416431	99726.304850	100541.532048	100768.356425	
95929.888939	104349.445581	105259.740675	107548.849427	107768.742383	
107757.580703	110051.248198	110729.045254	111808.667961	112397.362056	
104993.328323	108152.875062	109001.121871	112573.366573	113609.643540	
97981.997091	105679.556573	107254.963435	107782.864693	108291.746619	
108131.293707	109781.787263	111023.346285	111788.617096	111843.639145	
96987.879850	102291.938617	109667.466767	109999.501595	112027.285662	
94601.067606	95050.594854	97829.792731	105348.292708	105805.991399	
107652.525397	111100.549961	112314.728384	114416.467466	114468.581172	
105223.085875	106003.854809	107293.281975	107389.053540	107619.244731	
96346.159435	103070.063255	107039.381168	107170.658036	108026.370096	
86480.165915	109323.977594	110211.267722	110642.823555	110937.575045	
106226.809160	112930.917385	114744.494781	116253.463016	118054.140887	
96469.839157	97701.651632	100559.983129	101364.763592	101969.041545	
98369.776443	98476.463174	99928.102562	101895.796551	102299.519422	
89675.973247	104791.940178	104957.266548	106014.693546	106041.659478	
92422.188889	108795.922303	110031.617879	110381.474128	115737.197474	
95272.435039	95895.993030	99560.167328	100320.827084	101082.626265	
90365.747577	94403.703372	97692.948153	102577.639576	103140.633944	
98722.632056	98871.754627	99992.533734	100793.139669	101428.454846	
110047.287692	111505.389338	115733.202483	115951.840458	117579.556199	
94620.661928	100217.412348	104109.905795	104338.784780	104639.595052	
102563.563611	102704.616879	106071.866176	107860.964949	109266.188404	
100699.514796	101974.277475	103096.097875	106612.238014	106987.266210	
93852.939129	108254.945765	112438.180193	113160.622540	114442.265097	
106444.755668	108163.178053	111004.452859	112653.014183	114380.630976	
93146.422934	96233.249330	96824.183412	97783.822284	97806.360154	
103874.062141	105721.479691	106102.384254	107099.939416	107248.360603	
105129.021614	105464.210496	112673.445863	112904.868848	113220.520119	
105645.574473	106669.510285	107755.440779	109240.210684	110110.191602	
96277.074104	98970.447776	103036.729436	104173.544077	106510.233878	
101292.406647	104393.404270	107598.354404	109575.832676	110279.388363	
96732.790270	97469.501584	97517.246483	100168.247022	100205.606313	
98543.550460	100476.684087	102359.083721	103937.500716	104277.676929	
106605.722392	106728.852511	109127.161546	109574.917664	110528.879029	
106839.329424	107017.612448	107661.766462	107735.763565	109164.909023	
89270.038218	99016.678269	102066.748981	102156.874612	103148.527352	
95570.107520	97108.449589	97717.574508	98732.207020	100078.721411	
107866.582495	107880.412307	118308.766252	118847.583049	121614.628220	
98980.886479	102875.633210	104421.392383	106652.106185	107329.609780	
94818.782326	100626.876537	103694.638936	105668.769299	106442.630076	
96940.135628	98615.495045	108515.292639	108710.922307	112152.231160	
98222.949695	115005.077593	116201.488056	117830.551350	118509.660607	
98319.767316	103389.727674	107848.082265	110035.741345	110658.419080	
112309.824883	113365.033089	114968.887686	116130.813480	117987.980835	
95876.990516	96383.813119	96621.183882	101984.914085	104620.715387	
92273.176205	98619.095009	103563.839685	103724.709602	103862.389419	
97015.695255	98862.913000	99441.119312	104552.026224	105205.106264	
105552.381839	107138.566692	107452.867098	110282.436094	112160.934475	
110452.254513	112565.595255	112840.505919	112950.769155	113193.684620	
99289.276597	100576.326090	100741.487919	101610.748347	103890.539428	
107514.964211	113504.229056	115223.460607	115471.580906	116404.303562	
98786.229891	98996.968542	100489.314057	104070.711453	105133.116668	
92307.091881	94920.264371	101399.543950	101527.105005	103030.811298	
106735.922865	108910.567053	110098.987172	110889.233284	111403.050299	
107011.080646	107514.160309	107616.032045	110805.748595	112076.621839	
108710.825192	112786.789409	113329.899795	113714.679505	115560.986235	
102534.229309	107034.183008	107549.202001	111945.972224	112445.430578	
103543.325606	109158.212263	109862.208138	111269.134726	112462.397364	
106646.956692	110425.104213	115613.129516	115682.808632	118323.719308	
103199.701800	106939.377990	109604.235763	109995.023619	111991.953883	
103877.688663	109888.224949	111411.265255	111577.633718	111680.378973	
93601.936683	103574.189304	104505.190986	105444.253163	105848.960862	
102147.315481	106437.149935	108215.408728	108311.986989	113206.576277	
100486.496810	101676.399984	103707.983609	106683.773586	107253.920180	
104984.116261	106791.041189	107077.859318	107701.653183	108667.600594	
88604.372572	97981.273132	99450.437985	102272.292303	103948.546956	
98447.863339	100311.392571	100697.849336	101136.720835	101745.752900	
97196.053827	100634.708005	101778.975693	104098.644902	104162.259972	
87259.343628	91129.438292	92870.694331	99244.952298	99818.820980	
104224.209234	107511.588292	107882.116987	110410.119489	110443.576528	
96710.676411	104161.555641	112178.497465	113014.953457	114251.727733	
107330.092251	107620.626787	108741.097526	111191.979497	112374.829626	
98181.653766	101404.551279	102462.337850	104645.689162	104803.538433	
109304.451086	114272.101247	117886.706269	119646.349288	120022.719546	
104489.000426	106261.341594	106539.820270	112333.894261	114554.128059	
108252.904710	110838.263890	111244.560960	112337.472794	113184.360146	
103774.834873	105340.858106	106975.050249	107834.093274	109071.506023	
101295.396648	106652.379929	108384.233430	110199.070312	110308.561225	
85546.989797	89966.699416	98274.166512	98413.120477	98915.242491	
102480.826202	103762.758397	103901.359246	106004.292324	107209.541797	
91683.629105	93586.424656	94348.700589	98041.034921	98513.836691	
99878.488025	103766.403511	104211.574364	104772.849802	105325.274936	
97281.479538	100492.762057	100534.352269	101985.696621	102944.272403	
107647.843323	108362.393920	109036.192149	109870.271637	111904.909840	
96149.280785	101277.627292	104868.752675	105437.134049	107570.285848	
90500.245460	93932.127896	102308.754185	102500.551839	102973.437731	
108953.173506	112870.393313	112968.052740	113051.382396	113398.484814	
115058.617261	117749.998252	118769.471889	120906.724452	120929.832717	
105772.186228	107292.410363	109642.114815	110282.735580	110478.904496	
93144.909221	100476.316712	100537.252789	103025.496308	104658.042816	
105418.684460	107592.977867	108001.764170	109625.572999	110014.139473	
89191.223384	91062.743423	105119.916058	106038.246113	107327.014687	
91631.678294	98625.928376	99740.293052	101897.750233	104635.879994	
95140.009369	100566.885761	108121.978202	109537.635550	109719.051992	
107063.401298	115475.030377	116485.707934	116630.028146	116659.931741	
102512.262165	112091.953029	112469.391387	113245.705776	113561.161781	
90595.322221	106895.448822	109995.580855	110176.664405	110332.419121	
105846.987797	106214.977349	108168.398235	108289.258158	108958.117974	
100604.555097	102690.951758	105028.877298	105871.532957	106458.257844	
97174.188122	99911.165568	100993.070054	102975.866710	104793.288536	
94090.273400	95242.987602	95759.290277	95958.166568	100637.600994	
92116.785755	92970.758933	99066.297307	101696.319340	103566.489070	
90260.992577	94056.737555	97251.006669	100472.369590	101538.288177	
93480.421827	96603.485736	100059.871556	101641.198695	102317.127036	
91695.990626	97425.260378	98949.472155	101172.747241	102718.862614	
98582.476132	101086.722190	103589.758280	106927.335311	107977.695653	
106364.735127	109806.658217	112670.636532	113089.289062	114562.201743	
96087.612943	98785.778332	99883.144104	103730.010095	105492.338719	
104740.717167	104816.076146	107548.055633	108955.682066	109999.531425	
96960.528087	102392.429941	106273.271821	106891.096404	108317.233376	
99094.709790	102918.196141	107010.312331	110245.624562	112357.877839	
100270.991118	101185.938738	101484.031662	101717.845888	102106.423543	
99766.162747	101478.296292	103914.519425	105442.941745	106242.499407	
108154.933150	112238.983148	113707.771310	114793.872808	115599.146451	
97230.975119	100422.244246	100731.416002	101171.395074	102827.832895	
105224.940101	107783.517063	108524.509010	109710.747403	112892.027718	
98978.157563	99464.846089	102201.837786	103798.401593	105474.130262	
108844.958022	117077.047272	119142.661174	119878.991337	119890.372020	
111759.987930	111987.688653	112380.963854	115020.568564	115595.256137	
126208.805296	130943.859501	132939.557432	134933.449177	135372.522771	
97679.579422	98043.660562	99314.529436	103687.725421	104385.014187	
106423.418898	108339.111592	109030.041908	110395.917917	111690.197819	
92586.711810	94342.269964	97243.732000	98652.940032	98673.905833	
95699.458302	95786.725886	95807.884171	95900.509866	98306.978248	
98266.713627	104765.574406	109255.495043	109916.180790	110358.252525	
100456.301862	101832.177208	103325.222293	104967.338983	105120.814392	
96965.984180	100778.863641	104717.514234	109961.279257	110767.735189	
98510.354834	98927.204615	99733.525601	99908.006690	101777.404432	
94582.019357	99763.207575	105920.918934	114569.851150	115392.990891	
100285.095371	107017.431813	113906.526880	114618.417618	115206.540801	
112428.848108	112976.719346	113324.462745	114326.276525	114999.522018	
92146.686284	98474.217414	104346.039488	106382.791383	107929.463258	
101285.250656	101490.230420	104171.492036	104630.041348	110051.799879	
99196.580940	106609.918434	108837.870338	111588.685518	113565.770037	
100980.911971	105261.834374	105636.553950	107055.739270	107889.979084	
102187.401874	103388.439224	105299.013280	105479.057304	106723.582339	
96646.930586	99973.242276	101156.658001	103919.666860	104142.073433	
109856.895923	113481.460300	115897.557116	116902.986548	116937.271155	
110099.647092	118172.380557	123494.626245	123733.657542	125339.842153	
98856.666522	102482.972317	102943.619083	104513.406374	104726.733309	
96431.407386	106740.059230	106927.522845	107093.366175	107118.608618	
96476.515519	97368.636062	97925.915558	99861.671710	101638.687676	
96735.346331	109680.523148	110819.659696	113173.262904	113364.749786	
107477.632641	107884.459852	108375.640368	108767.254651	109064.198822	
98599.210860	99512.897336	100097.453160	104088.162476	104115.027739	
93944.015763	95748.808537	97519.511167	98345.603016	99669.198684	
111754.593769	113923.301533	115470.228680	118590.591211	120704.753395	
92358.389442	95534.125420	96407.468984	99035.418757	101961.220529	
111684.753042	117656.649448	119370.597946	120482.015383	121058.691725	
126173.347971	128390.591766	128773.228592	129652.127655	130406.776542	
95767.252097	100544.711325	100663.019603	100895.022514	101241.722126	
106909.089805	109165.554632	110101.969735	112675.308094	113079.826344	
113112.707103	113957.775146	114805.811136	117519.688838	119403.060131	
107134.245834	110211.504556	111950.608274	112804.390214	115046.765995	
92218.590676	108767.813776	110171.477749	113019.067813	114601.298411	
108158.237344	109432.283027	109824.652598	112214.332439	114329.342414	
98853.535258	98928.826870	99524.419490	108347.455783	108900.599134	
110938.696252	112252.080619	114651.392309	114890.474749	117994.623962	
100092.971084	101650.629082	103789.957108	108592.896720	108628.480497	
114310.408969	115610.591349	115682.896595	117085.827894	117180.766966	
103637.502732	104264.846711	107487.975581	108840.093115	110430.186753	
90116.031152	92941.801833	95852.035114	100531.956246	100960.787297	
99367.818783	100655.137878	107599.208481	108065.088565	111610.571831	
100477.549154	104130.743951	104704.236098	107186.475046	107715.472833	
101507.574097	108806.587819	109081.075206	111322.747811	113670.499444	
108368.543323	111412.606840	112875.585595	114045.620496	117092.107910	
88746.517516	92602.862589	93058.925286	93459.696039	93501.742007	
113674.918280	116553.796108	118229.421352	121383.182656	122259.455659	
105776.672044	111127.137691	112749.402838	114225.186441	114816.694282	
100322.479409	101532.556446	104209.276918	105026.700133	105084.469308	
106070.485631	106861.998982	107210.516074	110629.306570	113047.460132	
115184.053726	116764.659526	117514.202114	118274.944401	119124.985831	
92663.619310	93128.469473	94516.148940	96232.671573	98858.469745	
100805.719043	105234.671897	108845.140863	108898.526625	109271.698200	
97665.667512	101981.171948	104591.512231	108526.519605	109177.388457	
102396.119031	107107.311488	107292.165105	109390.872008	110748.412590	
92266.813758	93560.378080	95060.990124	97246.769180	97799.605226	
95920.402157	100049.966945	102070.522664	103640.232570	104914.913079	
96482.859826	99100.528102	99634.231175	101247.150488	102751.262658	
92996.427174	100225.274292	102352.738066	102464.818424	105781.646552	
96029.845042	97440.797478	100020.371912	100936.476906	104304.977242	
108533.886940	110203.759290	110595.667792	111130.992844	111179.247048	
95423.472650	95526.386210	98207.569828	100699.559165	102787.932574	
112537.840071	113808.732084	114321.342238	114520.145831	115893.264842	
99883.688597	105543.176037	105962.745774	107194.407158	107810.454651	
106705.602827	106709.478443	109476.989451	110078.607858	112122.839414	
99331.811493	105158.232600	108762.853049	109503.382931	110133.656446	
103942.961890	105426.653754	108839.322820	109008.048222	110196.099175	
94508.008341	95305.438581	108316.191910	109679.910166	110281.918210	
105475.112102	108050.892955	109198.864271	110001.468551	110206.427055	
106480.708476	106727.233874	108776.309710	108785.342795	110567.855477	
89966.699416	96118.701318	99099.467653	101399.201800	103072.257886	
108066.508500	109451.244752	111225.110220	113804.000599	114119.484908	
92672.904058	104921.956921	106165.125237	108184.045048	109070.075975	
97694.523601	101217.779524	101607.992151	106249.542827	108319.576090	
95136.933000	96155.088421	102180.952497	102563.208091	105625.282022	
101699.450353	104496.600218	104977.473986	109369.784023	109557.224732	
94529.575866	104383.876581	105574.087588	107058.302286	107650.930793	
102014.236967	102174.461759	103388.322352	104199.113421	105237.561277	
98848.919449	102819.799719	104726.993436	106185.123197	106564.593683	
103997.404288	105552.213636	107277.638755	109209.984932	109248.754274	
95580.526652	108602.533114	109737.385019	110089.400985	112769.114227	
92129.025109	95380.753947	96373.364079	97652.879982	98272.956100	
98286.052084	98427.909468	105529.910332	106023.141950	107804.646081	
102909.304067	103737.689153	104487.222289	106184.269120	107413.570672	
110710.349980	111109.577107	111693.829683	112375.859428	113132.710200	
105265.917946	106485.940838	107773.930482	108063.792597	108154.409925	
96980.782213	101271.607928	101537.767239	104073.903842	106873.957500	
101147.462030	105390.550090	105397.456959	106868.097181	106883.990178	
93082.883955	112661.691537	118174.011054	121141.938452	121227.667407	
87818.754721	100800.963466	103313.108352	103853.769656	105496.098899	
98140.369421	102899.006945	104768.805861	105666.490054	106438.009939	
105078.642064	106617.835778	108454.460787	109432.109908	109687.842107	
85475.133760	97754.685029	98090.293609	100646.706284	103391.676763	
105148.218617	109181.654275	111914.618761	115171.476691	115318.423544	
101263.442097	106324.649348	109948.080895	110744.148803	111311.141555	
95535.177553	95539.283286	100407.973308	102183.669718	102738.579842	
108646.835195	108939.281991	110224.058465	110460.071240	110691.134393	
107594.944069	113309.741658	115102.974884	117453.832654	117550.233879	
102132.747772	103106.153237	105938.693264	107512.108852	109092.872140	
104666.471783	110784.969216	112955.158789	114212.613610	115520.186691	
108334.610826	109029.212733	110444.733683	111351.026008	114083.962550	
90450.681836	93225.633991	101878.404956	101882.506157	104431.820559	
96815.089662	97554.870640	98210.587365	99640.919129	105668.769299	
97242.524256	97594.210129	100560.376674	104152.391444	107724.830859	
90157.044374	90597.615713	93407.855617	97629.709113	102066.630930	
97962.686667	106279.226399	107215.209138	107306.296445	109192.051215	
84653.932024	95538.181285	98245.496294	98261.635539	100163.793388	
112284.674252	114555.307206	116116.399993	116753.645709	117600.924597	
92668.952307	96400.507983	100102.713632	105283.972134	106545.662384	
103534.867650	104828.641038	105786.629723	107230.826951	107946.653780	
100465.486956	100807.861481	101985.898846	104710.647358	105102.431165	
97069.979957	97610.974517	100541.532048	103407.586214	103484.664475	
101148.293230	103307.416104	104135.392063	104286.890891	104458.951829	
101738.780955	102760.513900	105449.377979	109208.836052	113930.548358	
98275.227037	98806.164780	99409.488235	101618.145054	103333.800806	
76239.806196	99273.327055	99685.128618	101152.388720	103775.784372	
100205.538483	101422.338901	101798.146671	101806.457096	101841.361630	
97020.248811	106081.618687	107060.958210	108632.304119	109188.152389	
105868.067302	105906.143675	105983.812338	106131.312122	107728.615017	
89599.656957	97279.321030	97708.672071	97888.009059	99311.606523	
97437.836522	101265.726467	103206.165675	106665.673180	107087.902734	
100350.056150	100528.129907	101310.223202	101721.531643	101771.196167	
105492.849855	107810.848678	108248.856064	112511.372162	112792.498882	
103881.267918	107154.254541	114294.573427	114466.941246	114754.403692	
96956.199783	105002.907469	105377.461934	111184.247411	112279.621983	
106626.313783	107309.542459	108022.703001	109422.370638	109766.455241	
99867.486816	100309.036209	106116.305556	106140.924909	107256.286505	
100410.913578	101634.212923	102407.595708	103788.733819	105666.280922	
98040.387176	100010.791147	101831.149795	102778.277581	102839.703720	
105266.609543	106190.964765	109091.108956	110137.556605	110226.686331	
106870.409821	107755.695041	109388.715927	110074.658012	111018.753588	
108496.955754	112344.837636	112364.034336	113069.755292	115010.550886	
104845.433592	106522.405689	109110.018613	110666.200208	111854.339393	
101635.967699	109871.529117	110919.402894	112522.727308	112549.511325	
90614.715271	92970.635526	100617.438285	107172.579273	107958.606041	
105289.795652	110001.860470	112651.874580	113710.218908	115657.088987	
95958.349920	96719.882830	99762.625662	100369.912929	100940.350713	
104135.772339	105556.828196	105987.690746	106136.112501	106568.774165	
76514.806818	90959.257915	98411.378154	99188.164948	101345.381930	
102286.230391	109430.011544	114256.212040	116882.043755	117347.481792	
110158.513890	111198.544138	111313.676401	112822.700897	113375.741198	
100378.130571	100469.066218	102605.882727	103837.680021	105544.991120	
93613.297924	100349.839632	105633.635839	106620.900762	107696.257500	
104862.024164	107562.697421	107998.560174	109741.892445	110263.696084	
98781.905094	100787.864755	102229.224069	103963.217891	105891.958423	
101041.413409	101536.441969	108376.304092	111093.729989	111145.862729	
117837.682979	118113.589242	118854.191584	119695.624841	120782.651287	
104589.163040	104812.874052	108319.818851	108404.687137	109794.908940	
96892.867591	107694.985695	107848.756497	111920.913315	112099.634656	
101113.938711	107275.731888	110657.559432	111793.040663	113474.345881	
100488.392672	103711.907491	106639.122989	108536.475828	108715.449586	
99142.003226	99908.454936	100419.232183	102035.347272	103641.144196	
105685.528733	107222.369361	108347.097539	108576.432007	109052.709224	
91566.929401	103898.378109	106869.939139	107538.756897	108025.550004	
100917.644080	101382.687639	101407.736093	105690.804306	106776.858242	
105644.187190	107203.567892	112137.304014	112872.559335	112938.854655	
99303.928330	107009.294729	108873.011392	108985.786713	109556.605612	
104056.919467	110956.526229	111143.904084	111269.438221	111713.594969	
98531.649735	99282.716920	99883.395402	100410.106328	100739.108302	
89651.410824	91253.464774	94434.658937	96379.165068	102158.826974	
92828.218541	92845.955311	99157.634578	99440.887306	100006.668507	
98335.174655	101465.613193	108605.491011	110606.027196	112236.516655	
100143.532598	112491.829298	115457.631624	115911.314838	118557.221908	
90928.529655	91519.847528	97785.504230	99522.565730	101657.348992	
94610.732000	98502.559316	99918.265518	104570.028576	104658.159253	
96017.175421	100034.469124	101185.938738	101221.179376	103543.107940	
110700.684310	112800.737183	114023.591963	114328.842750	116748.064618	
88185.718455	95039.575369	97017.782688	97898.004930	99207.924537	
101204.586163	103578.538966	103727.082745	103762.854436	104609.137277	
118692.701945	121801.373146	123366.688132	123475.443537	123616.248817	
96617.361415	102396.119031	103529.726788	107242.235263	108264.929304	
102555.194708	105790.097108	107939.261553	108397.688616	108411.744523	
107967.227434	108986.972430	109542.672027	111651.167688	113677.262979	
98326.178015	107772.146953	108094.274642	109671.535164	110613.932347	
89729.395429	96224.495888	104764.181912	105778.569155	106580.380396	
101005.582404	106770.576920	107084.547902	109000.343657	109442.884702	
93522.170168	95685.541115	99778.246501	100698.984681	100905.049767	
81152.893736	86674.473437	95230.785873	101809.680339	101959.870873	
92278.845622	92934.693256	95525.310840	99927.280343	100816.404171	
103507.952952	108229.583585	109647.205155	110347.281959	111324.302798	
89723.997836	96833.312002	97976.083506	105635.376236	105754.340187	
100072.255690	106429.902635	107731.211344	108316.846358	108372.937619	
97976.179161	101273.659551	102074.121100	106151.325966	106990.275019	
94033.026746	94862.948512	95813.020620	95834.278652	99104.877348	
105925.820194	107016.368854	116502.363940	116536.859928	117781.824303	
86857.724450	91370.179639	100319.822817	103115.695404	103428.138612	
105333.056744	106417.280280	108533.886940	111050.691304	111668.075220	
96816.547548	100449.294105	104679.867951	105674.534456	107284.471348	
96284.662491	98175.282148	101703.913726	102255.061168	102281.839281	
103690.014542	109182.057481	110201.843894	110445.756892	110715.902588	
96856.354980	104464.431206	104982.604784	105570.007857	109700.154977	
91108.632697	96448.745463	104574.005529	104671.607087	105728.466261	
98022.724660	103757.567004	104098.905976	104901.288354	104907.404205	
98753.395703	106567.541614	110674.555016	112170.207826	112361.231414	
96602.054036	103290.554678	103561.569659	104710.672785	109253.873444	
107091.443371	107370.492529	112238.079980	115644.153828	117511.517299	
89429.823940	98996.498221	100817.742168	101423.390113	102180.862806	
93858.160548	95680.806392	98221.066789	98254.255096	99451.863924	
97007.719167	97842.250452	98826.649103	102480.443161	103178.784420	
87157.769675	95684.310071	97059.447977	104206.274284	104458.082626	
102067.597773	102196.323679	105417.180477	106439.516343	106580.522044	
100270.246374	104106.160489	107467.721636	108550.520548	108794.502500	
101938.720565	103302.711720	103838.691345	105707.513566	106520.323008	
93583.025537	95833.895766	100974.023872	100994.495406	102383.656917	
96025.821913	97690.909361	100954.834972	103150.899176	105380.236493	
100303.999492	101554.740399	101788.375005	102526.867279	103507.022665	
105827.425925	108379.520849	110035.741345	110461.003555	110872.153117	
100136.441221	109353.555655	111959.836224	113777.706872	114206.143408	
88495.881439	99055.423659	99457.433027	100613.986723	101667.001797	
97755.674797	103128.097072	104619.535843	104642.505327	105072.220534	
107194.346050	111782.917272	111882.206123	111889.707423	112112.540505	
98340.915323	100543.079956	101407.045543	101820.704728	102447.946196	
103232.338044	103758.548602	104539.615653	107255.938651	108055.994972	
97207.892301	98246.995005	99613.440017	100087.974878	100285.097449	
97545.955069	103322.299358	103674.607314	103824.760008	104656.490910	
90481.298960	92049.602822	99444.288808	100907.993461	100911.139416	
94936.994955	98405.096738	103181.186664	105398.901279	105678.792945	
98099.316071	105832.571777	107870.825564	108240.424359	108510.661627	
110220.158350	110361.487784	110619.850886	111664.897799	111840.598586	
92265.819923	99118.496203	99902.648416	100719.313122	101004.393537	
103866.799968	108048.102889	113532.639527	113534.069202	114406.308493	
99677.449846	105435.448737	108876.278150	112825.743711	113717.975740	
88741.160388	98117.540725	100706.261014	100890.427327	102711.705864	
100113.069932	104111.171851	105356.332695	105426.605923	105918.096456	
96134.123847	112825.448314	114339.056122	114995.848900	115711.721818	
94523.703176	98716.317729	99870.380759	100322.761534	100669.649177	
89832.373161	95354.344245	101055.261829	103312.050531	103942.961890	
109757.194294	110113.540569	111990.350561	112677.608066	112792.498882	
110549.747141	117274.787525	118433.328048	118558.205948	119404.985728	
98981.118780	102463.772680	103345.329440	103686.197311	105061.847039	
101609.533599	103088.522320	103100.129511	103338.005437	105861.345479	
102417.902865	102587.590589	108857.751030	109864.758025	110334.094427	
102933.860281	103215.104049	103495.960409	105554.205529	106310.856657	
106113.080791	109940.559474	114284.590992	114382.239024	115182.645511	
109323.977594	111068.118412	113346.278452	113771.358689	113774.617570	
98174.078399	99490.774633	100764.761760	100983.760091	101128.186345	
100382.886012	103156.260473	103532.129949	106110.007501	106893.731501	
108114.150016	108887.353660	112438.668776	113920.844571	114981.649397	
98166.662397	102551.875143	104145.588865	105004.068945	106385.645161	
92858.201354	103952.085840	105664.846297	106996.913700	107806.567187	
96646.319939	101981.739109	103961.500028	104592.615215	105356.031870	
87529.728450	96452.400449	98160.985338	103453.971168	103990.870825	
108557.834805	114334.157281	114474.809142	118902.836173	119030.700697	
89460.365354	100352.089165	100650.492480	102477.409834	103277.026986	
104713.481458	106348.207044	106674.107635	106930.281732	107682.667697	
106320.840551	107077.762490	107653.878743	110671.987812	111381.162692	
87642.565185	90682.748326	93567.197811	95834.278652	96507.189077	
104915.905469	107568.174106	108090.856326	108129.876793	109979.346138	
99791.591459	101164.924654	102963.818939	104321.717498	104911.113430	
94672.844701	100644.196232	102434.308786	102973.621435	106188.282026	
94584.575605	100503.844618	105832.284405	106373.799172	107228.716761	
100397.997375	101641.074606	104940.555653	104976.348371	107864.554574	
105078.862007	106269.846517	107844.217446	109635.229756	111013.099527	
102598.169648	104047.643691	106713.113282	107527.717290	109350.751497	
107402.752522	110792.906005	112360.314298	113192.383968	115737.216177	
97745.586240	99638.571350	101113.467425	101496.122430	102906.729239	
83327.477861	104479.008357	108130.428786	111218.483524	111518.516250	
108993.476761	113081.327042	115677.707420	116466.359124	116993.673092	
100680.726798	106940.436018	108740.822522	110658.259255	110846.142641	
96195.953974	97583.257493	101244.327079	103649.327209	104482.007077	
92602.862589	93797.239382	95283.867290	98958.546063	99469.566205	
96432.179201	96539.763063	97603.806525	100943.598617	101056.569257	
94549.292359	108266.397043	108537.234772	109183.121522	111533.212055	
98615.616943	100507.906222	102882.209678	103247.449797	107044.571426	
95299.883413	98353.850821	102412.499409	103673.107049	105567.368968	
103298.312622	103322.391862	104321.298072	106261.791561	107948.711344	
89844.347858	105012.800775	105779.529558	106613.447283	108040.146083	
90481.261255	101868.889712	103759.583645	104213.906310	105359.552830	
101496.473757	103615.487155	105973.336951	107024.331183	107380.749063	
117886.658078	122203.374861	122982.482675	123296.002550	124046.740994	
95918.898935	99341.505147	103872.202373	104002.693463	106692.770517	
95104.488329	101087.236583	103332.309294	106684.852477	106700.146197	
97772.751380	98978.157563	101519.616994	103954.768386	104588.168017	
88889.815618	100322.627978	104110.358478	104519.659543	106215.936796	
98321.636095	98431.761444	106032.055021	109025.661093	111731.336067	
100342.175240	103609.821939	108365.935867	110730.570967	112517.988046	
93073.130434	100980.911971	104854.109672	105042.098780	105780.844488	
96993.443781	101176.721369	102761.437441	103530.173917	108360.661479	
97467.735017	101324.043311	103775.584576	106992.956743	107796.250909	
105823.434423	106854.762641	112505.888931	112917.712127	115026.103027	
109298.507220	111431.616964	117342.586758	117800.076782	118415.173047	
99962.106231	100901.479302	101024.285164	101513.415111	101803.173493	
106176.100838	106457.509197	107181.976252	107893.407369	108018.414015	
97068.548431	104743.940956	106278.015956	107324.017200	107415.553548	
97003.591570	102424.533964	102599.047302	104926.307009	110476.271630	
112082.442323	112839.590015	113277.152407	114435.205529	115509.835882	
92760.171831	100328.785107	105262.178930	106596.563627	106938.845323	
98125.192602	99706.767488	101948.897291	104884.586350	106525.703413	
103117.955197	106536.552149	108290.633501	108629.101392	109540.734507	
95363.976930	97625.089154	101220.691331	101635.967699	102049.451756	
101384.589293	105486.708228	106006.185725	106513.177454	106762.779050	
108433.940818	111837.938785	112653.076856	113393.619241	113610.656304	
105221.170619	105788.258852	107638.310114	108546.000282	109877.954219	
98014.699125	99144.524871	99578.537305	101718.735386	102177.408270	
108799.650047	112233.098892	115648.761252	118366.660510	118657.850007	
108187.262693	108751.126606	109752.101454	110254.520135	110726.841666	
97945.711716	100338.779763	105079.323604	106034.217687	106096.878781	
102511.003847	104242.685074	107694.985695	108591.012665	109538.940929	
89695.615116	100741.959049	103915.392338	106597.949173	107519.620345	
93473.502131	97601.556754	98614.690663	99057.102080	99194.252370	
90365.747577	98535.638114	106967.848164	107623.134903	108370.809231	
107010.333051	108746.206108	109700.136027	109929.715517	110959.582794	
100864.481839	102791.318925	103340.437222	103964.303386	105097.941584	
100148.358956	100713.505354	104720.418348	105372.376465	105396.797091	
96313.546335	108623.499621	108720.490313	109034.321510	109657.242049	
81736.079563	101226.700955	102644.854720	105575.707381	105718.115701	
100985.199494	115687.327528	116058.090036	118238.684017	118375.864314	
103553.057442	106200.068170	106572.716939	107475.492460	108336.274696	
96059.898436	96904.363635	99034.431202	99969.617482	101197.521852	
98352.560177	103279.468803	108177.134563	108860.392928	109187.909724	
96595.244389	97897.483871	99398.522093	106589.870684	108144.152671	
97806.943495	99081.196558	102028.033080	102473.155212	104926.015481	
114453.941952	117804.508965	118636.056341	118954.758432	120973.801662	
104920.981270	105246.571938	107271.588531	107357.018500	109138.830628	
105439.873517	109129.233975	109725.478659	109728.158533	109926.774416	
91087.087481	91304.212295	107256.286505	107454.770450	109456.867550	
99671.126593	103735.231639	107200.212095	108881.404059	109593.300931	
106027.971970	106962.299825	109260.092011	110657.559432	111657.899229	
98535.541175	102897.370893	103396.232537	105282.176347	106226.590203	
96595.244389	101543.806308	102885.766610	104877.086967	106726.766480	
95525.310840	101596.929502	104278.483661	106498.017478	106535.851248	
83853.458296	91828.433340	94719.795370	97968.560589	98214.593611	
99029.182445	99430.534532	100527.024281	104855.414656	105312.958876	
104457.943064	105059.149380	105493.366530	105964.960467	106133.140169	
104233.783005	104573.862592	104939.688680	106950.388504	108224.065732	
99310.952914	100536.121317	101119.147534	101490.989514	105844.662008	
101806.187384	105475.208436	106007.772902	108600.119112	111338.373864	
105373.587356	106410.445534	107426.761151	108425.264268	111581.638055	
99947.883563	101304.210823	108731.803645	109195.734870	109597.209867	
107542.441995	107843.627135	109586.363845	111528.287504	112545.627399	
108080.290621	109283.245628	113376.881477	114400.299807	115367.058544	
85953.228451	90668.784308	96162.251805	97675.326421	98507.455097	
101316.035946	103086.484976	111116.954009	112127.597583	113192.041421	
108558.562732	109838.042082	110877.043571	111972.875916	113123.850612	
102832.089431	106083.241386	107228.272444	109586.174036	110695.948556	
107932.946319	111671.138273	113033.691242	113165.289630	113579.799047	
101806.751754	110676.292081	116428.012109	117197.960599	117776.918828	
102070.345013	104537.423224	106439.889237	111542.299039	114542.317309	
91051.601175	98272.838190	99373.964525	99889.134777	101383.939492	
100523.125814	103622.112309	105654.954896	106836.498433	108926.258444	
97408.082369	98729.934058	98856.417436	99204.737031	101039.932092	
97050.859289	98471.306631	103184.744187	103373.613184	103890.868499	
96848.408216	101664.972029	106895.200001	107557.336185	108707.832676	
100370.013028	102972.853717	103837.747905	104472.469053	104511.288236	
94790.834139	105369.422966	105657.152566	106181.130557	106687.812598	
98814.393029	103428.138612	104683.327101	105653.853536	107063.401298	
93058.965549	93798.288048	102541.669219	105387.281232	105513.867517	
101667.475762	109418.935273	110315.695554	110580.995310	112269.705307	
101770.387963	104444.818762	106091.039132	106464.616147	106958.919897	
103915.392338	106688.122524	109793.320700	110200.861857	110226.484421	
97589.527260	108985.086046	110881.773969	111641.842562	111763.167843	
93012.128337	104185.750776	106500.870961	107438.486308	108656.017349	
101182.527593	102006.816765	104408.965188	105880.586590	106618.588769	
99137.772483	103394.798381	110507.563742	110723.893606	111208.982515	
98193.386942	105551.380255	106841.470395	107663.361672	108872.753189	
92419.555089	97965.474612	98918.108081	99590.788335	101687.812228	
96621.183882	106476.392613	107161.624580	107791.423002	107939.164870	
92091.488126	102784.687690	104424.800359	104801.780154	105344.358410	
93624.578406	96632.515127	100254.304960	100311.802098	102140.223486	
102143.309537	104092.832091	105675.183016	106611.929675	106801.270656	
112380.468125	113826.868952	114159.343341	115287.437023	116855.310493	
108603.665734	111402.190403	117014.146452	117427.215161	117573.448397	
94716.267942	99501.344042	103033.083817	103681.205398	106115.897646	
107087.283749	109185.168288	110149.200170	110300.863875	111552.913210	
83402.955576	103550.835418	106358.650791	108073.595727	111015.050834	
103809.296783	105050.445448	105693.223745	107254.286499	107593.240442	
105085.597260	109028.579324	109134.376840	109800.442519	110094.366450	
101308.542199	105077.210885	105644.187190	114718.977293	116145.825424	
99374.946493	100766.352936	102336.896404	103286.641064	104034.208438	
106931.492297	112149.625021	116302.443856	119927.734756	120085.558852	
113547.546377	114994.320520	115546.287010	116417.406432	116886.734114	
91043.177567	98856.408253	99203.730604	100453.317650	101773.244373	
105912.349049	106398.536754	106450.452959	107151.253174	107194.757053	
96383.948353	102506.263343	102799.615188	104454.361181	105164.266687	
91774.833945	100245.165079	102338.629772	104906.503585	105642.213103	
88893.785752	97842.238728	98618.714406	101875.119929	103530.828567	
99384.882825	101213.009391	103367.317791	105091.687524	106130.753718	
99976.517783	102266.771655	102405.176386	103454.723816	103855.721593	
100938.364287	102258.634503	102585.573723	103281.667319	103836.406345	
93987.310592	94295.639039	96408.416465	97119.433839	97975.961480	
103855.559507	103955.957266	109814.415247	113921.563210	114797.727692	
87500.308940	88949.420411	94418.085361	98775.947672	99987.542843	
89973.574340	97299.171097	103471.267715	105765.144459	106701.940738	
99608.106330	100141.939771	102251.789000	104591.611928	106478.144891	
104390.930382	106284.044738	107491.724395	110278.192150	110839.047865	
106861.873950	109337.107330	109613.364466	110640.218862	112309.015618	
94386.619988	95961.737426	96766.402232	102903.011307	103195.478908	
108710.373960	110957.286689	115797.097493	116242.453262	116752.588795	
104179.799307	106548.749964	107578.536563	108049.034864	111246.796277	
103639.458683	104312.900944	104768.250233	107680.876196	107764.324620	
97445.544007	100474.428153	102595.833743	102717.834541	103061.062215	
96293.469508	98941.077477	98965.085274	99604.224650	99642.229056	
94293.104887	98610.945894	100505.864547	101071.363378	101949.471758	
95546.131968	100843.321995	104832.686277	105586.098566	105731.504025	
100684.763391	100740.956243	102270.274691	103940.072727	106521.346962	
100159.883664	104731.569244	106498.192647	107506.556327	107824.747207	
101322.916847	107002.787765	107232.120829	108900.223446	109567.018728	
103271.771365	103810.559623	108215.521211	108479.635299	108987.942450	
88480.865298	96115.365049	96940.135628	96952.643997	102315.436632	
98600.776526	100187.804570	102710.046067	108313.714358	110023.119609	
90433.817139	92006.194934	94675.379490	97373.880589	99832.715344	
107230.371637	107487.913962	108394.693514	111156.089224	111686.109269	
105182.960655	107959.570363	109154.696382	110027.362565	110068.902555	
107156.310491	108960.368972	108968.664801	112530.332882	112981.192193	
114672.150881	117648.333067	119957.470521	120817.371179	120954.190290	
108342.177540	108717.613812	110017.112532	112258.900473	117601.992171	
97469.501584	111538.648392	113146.070206	115814.946527	115874.406940	
103886.137905	107002.524368	107426.070070	107647.941863	109357.098062	
110743.384795	111639.740231	113199.428838	114421.816894	114582.937045	
96162.600553	96726.962211	99822.401445	105420.438044	105543.800497	
96617.643678	98111.745405	98592.423656	98627.396302	100071.447476	
101267.910257	102933.975703	102981.854467	103368.923862	108013.336312	
63550.892855	87790.635053	90479.058379	90575.357589	96900.711287	
93895.298403	107621.976386	109065.103391	112816.843465	114379.890703	
113866.795360	115233.473183	116515.885900	116775.292709	118063.421414	
104681.922225	111782.986045	112367.676834	117707.364530	118590.823188	
103025.162637	103076.900028	106204.052962	107087.902734	108749.375031	
109545.163357	109610.647966	109794.795074	110559.659269	111417.457705	
101781.515087	101934.896525	102381.189151	104898.837296	106231.892915	
106356.293526	109921.684202	112061.531022	112107.772790	113125.725306	
103115.590555	103299.646966	104011.515213	106261.791561	106570.595341	
99246.605318	104398.769155	106482.988435	108846.014060	109233.270329	
105227.945758	106485.634554	107482.334297	108344.989834	111264.539422	
92454.022262	99801.465867	100260.662481	100737.639586	102023.357761	
103608.736528	107949.512922	109660.215298	110361.959511	110830.482592	
104990.983161	108425.550100	108648.722752	109988.020722	114110.294624	
105056.882056	106123.728814	106294.406213	107153.337163	110119.755526	
92256.870435	103287.525048	104765.574406	106509.876314	106783.831419	
99722.241436	100092.971084	106819.878732	108522.982454	111761.664069	
116473.367484	116978.948887	117988.967698	120535.134388	121355.117430	
103919.391969	106270.410732	107757.730904	108620.775590	109095.253535	
103887.229742	113002.156225	114293.448130	116393.367583	116829.221829	
109784.899148	117686.351705	119838.257501	120179.733473	121489.127190	
93809.032866	97185.535864	102875.206695	103958.665272	104750.163505	
92586.711810	92646.825242	101715.764759	102085.515630	104316.062000	
105430.723295	110135.360636	115945.172767	116125.260001	117399.898943	
103241.664948	107488.922126	108317.955747	110167.509975	110471.631812	
94587.967716	100020.972872	108739.056676	108946.695518	110206.427055	
96569.155984	96738.914812	101128.965761	102456.599351	104414.220896	
106913.658751	110881.807180	112485.458601	113482.669677	114008.547411	
112121.984747	112474.292007	113093.583276	113316.251686	113673.988973	
98462.986803	103324.866351	103702.440738	108852.871250	110411.128696	
105437.448007	105730.160266	106069.227521	109127.161546	112088.214554	
96014.821059	98407.037334	103720.426245	109786.685296	113041.738695	
93439.799211	102385.795122	105899.217311	106198.921967	107422.908896	
101869.782674	102112.010076	103730.010095	106894.710070	106997.593261	
92155.358008	92548.540230	94221.606662	96034.857728	98117.540725	
101944.867961	102772.592435	105702.950389	105908.153694	108129.433769	
100829.049073	105053.245081	105271.672525	105995.684079	106161.566491	
120634.129225	124264.881969	124790.203819	125780.043797	126763.598256	
111323.369299	111495.427383	114039.124213	115531.934103	116345.514796	
105932.026727	107171.507037	114129.803786	115960.151572	116566.375667	
94469.611953	95604.121066	101302.907989	103390.967693	103881.261932	
97845.958155	102426.810597	105750.917295	108799.390153	108997.470806	
99467.761057	109200.992458	109315.149269	110816.653438	110876.773109	
90312.207087	97964.433958	101793.332644	102401.662926	105591.204137	
105421.842967	108952.195161	111812.055317	111996.145613	113385.669767	
97443.192516	102244.459782	104025.917457	104775.625557	108130.428786	
106720.707651	106925.990735	107328.064134	107986.071300	109622.259334	
104407.299117	109324.295244	109772.957449	113954.970968	114021.462319	
119101.617518	124123.875473	124593.149563	124672.090588	125718.421868	
102011.860707	102304.898148	102929.040163	104895.763781	106646.293253	
103009.011187	104976.355132	107402.288670	109349.098977	110031.404575	
103534.893713	104328.576250	105900.733591	106488.150281	106893.132466	
102257.017272	102529.759696	103215.769478	104260.556036	104294.023224	
