95196.590364	99041.337412	103501.817017	103945.016992	104358.170778	
103022.475440	107359.240827	110761.833893	111829.185155	112836.868740	
106186.854238	111542.774283	111657.768697	113356.068495	113521.272859	
102675.287359	107191.311595	110861.109453	112260.727341	112666.765061	
94721.882170	95167.515326	97088.670483	99029.182445	99475.774349	
107079.909640	108918.086789	112896.534932	113255.058839	113692.384613	
107551.287239	109495.774870	110214.650414	112624.881686	114156.046732	
100660.150426	105864.233217	108054.153683	110076.517396	112475.624989	
98823.144277	99942.100995	101665.807116	105319.153656	106349.573152	
97500.578929	97536.156546	100554.376216	100613.986723	101516.972784	
98164.533631	102436.343045	107294.612791	107858.020881	109962.687516	
92334.800287	93613.297924	95533.655199	102147.131308	103735.231639	
84835.785581	92071.306677	92398.471051	97921.677968	100767.719018	
92365.750747	96849.109775	101010.263500	101549.092185	102561.486618	
98727.509453	103213.019504	103729.867270	104163.684989	105140.711922	
89231.356867	111881.808923	113979.980921	114117.404265	114730.992537	
106335.543018	108178.598702	108745.742823	110669.804644	111287.083936	
101210.507798	112893.561853	116025.266304	117370.877819	119409.719155	
94090.488430	95773.515143	96372.349847	97442.965688	98807.959608	
100559.593768	107390.051221	108867.263475	109989.649788	111107.512012	
108381.879495	109464.342988	109713.258086	111161.577565	112415.568573	
95888.970119	97158.346804	98158.242006	100227.564510	106148.105259	
101744.807747	107383.433738	107684.117482	107744.915280	110584.278099	
99841.822468	104650.976305	107872.947208	109355.380171	109386.797009	
98927.204615	101906.609243	104730.729161	106810.583629	106967.260979	
95315.434367	98641.079375	102088.515302	108148.128346	108148.941718	
76459.353743	100818.362543	101531.692054	102303.051427	103780.821741	
103894.934580	105796.421095	107193.261409	108065.582422	108324.119595	
92785.242639	101810.719647	106423.259384	106865.674183	109489.445392	
98445.224213	103267.369540	104289.092038	105146.866296	105720.699994	
115643.353475	118770.044863	118775.353742	119819.716958	121222.829582	
94625.844999	97589.180533	97714.517177	98261.171254	99864.846870	
107459.900424	108284.949214	109404.130110	109567.180312	109835.349655	
92126.823689	96400.943546	98741.723187	100793.890894	101260.113939	
89384.129956	91664.320593	92114.914965	92846.209945	95062.028537	
102278.205172	107876.604460	110029.567830	110627.817803	111012.526305	
104640.583416	105959.224902	106025.244551	106784.645713	106963.796543	
91433.754619	98946.729779	99706.462227	101122.861900	101806.911089	
100560.147006	102394.583502	102768.958168	103781.090837	104595.259321	
94862.131323	99318.423472	99995.519263	101135.498387	101496.473757	
98937.382048	100621.081501	101483.219941	101807.410183	102259.788944	
95658.838646	97951.703281	100221.323899	101062.060843	101414.282278	
101104.216255	104908.470416	108002.688973	108607.343389	108634.147328	
102849.062847	106076.658641	112500.043141	112843.029146	114024.458363	
93271.706828	95904.902549	98212.269931	99550.205630	100170.561665	
90656.400072	95758.217228	99543.615214	101433.556385	101610.170844	
98881.629098	100707.026283	103179.715145	103472.652000	104340.486352	
113903.090015	119026.114893	123463.142657	123624.118349	124941.629370	
102556.629983	107914.464394	108610.359091	110462.795928	110694.494188	
108452.872915	108870.788611	110533.711887	111099.400841	112224.810091	
99444.746601	104180.782809	104532.092896	105619.883980	105654.493771	
112270.649913	112666.742859	113147.676366	113553.667547	116048.789029	
111587.265687	112702.546585	115632.541963	117335.671898	119250.746418	
101497.684167	108950.383927	109850.302740	111285.115350	113673.394321	
103425.227337	105219.540928	106086.854372	107360.928983	108687.070582	
94132.076625	95836.557430	95852.035114	101050.589746	103397.279510	
81843.380362	99841.586809	109264.354169	109908.518448	110864.181890	
101018.314754	104123.361490	104273.403685	107287.398599	107758.288203	
97359.385565	98175.263181	103193.440440	104248.292564	104495.411429	
104336.299467	107658.814780	110464.483858	114510.963493	114753.585984	
101100.593276	102126.935154	102320.671372	104153.429411	106563.829327	
111788.711573	112208.341332	117685.458629	119373.642326	119498.058924	
99104.877348	99474.596007	99712.013208	101388.098861	101466.399679	
91393.762060	102768.776505	107368.237909	109719.051992	109983.760566	
93636.766593	97039.182242	97727.223252	98139.372017	100093.005191	
98192.341127	98835.360102	101478.680417	102584.063532	103574.821107	
102017.651353	103924.110374	105576.838070	106173.011507	107308.910509	
107491.084687	112134.687920	112974.433340	113837.336815	114929.494724	
95832.507581	96409.631377	98670.148142	99059.284645	99941.920184	
100907.309652	106196.236634	108022.724894	108329.148658	108528.475325	
105964.939575	108296.424558	108817.844892	114550.519823	116182.332536	
98216.579586	100015.941250	103816.044321	104572.521549	104634.165441	
100612.569115	108852.021168	113375.741198	113963.891591	114768.920808	
105072.220534	105394.429302	106442.683101	108136.142457	108265.927754	
104128.263782	104513.623529	105898.030132	105904.253811	106361.935616	
103468.719967	107810.216821	112672.668448	114560.240938	115696.914318	
107059.356840	112467.588341	112894.352597	113565.592498	117137.416847	
108449.546665	109572.871602	115766.837917	116572.739938	117388.557670	
108615.783866	111076.766735	112490.079971	117594.533913	117962.870817	
93427.482630	95160.235570	97415.566842	100625.693632	102367.311522	
105795.316536	107481.340304	109884.793361	110052.306847	110890.821677	
104993.846919	107138.047689	107640.593578	108208.959586	109291.729172	
98007.945565	100820.998105	102597.950073	104028.483962	105163.579468	
78779.195807	96105.003466	99310.343477	102118.793726	104429.520819	
100826.229024	101602.798816	103932.351388	104155.996046	105253.280417	
95688.840509	108803.007199	109059.036718	109862.818564	110767.711509	
109487.716783	109702.871259	110997.095744	111218.262836	112037.365027	
99963.053759	100290.876732	103356.863406	103431.142661	103908.928644	
106085.879191	107385.201885	110184.998777	112282.333849	113254.688741	
99945.037032	101103.883405	102529.741120	103090.726109	103096.168755	
90904.004662	95900.509866	97468.752164	101488.228444	101995.648041	
88652.386647	93875.634187	100087.332963	101910.600738	102106.712174	
107184.462044	110239.306749	110764.947039	110951.731395	112368.101852	
101152.388720	102727.573560	102935.609536	102987.371932	103188.435018	
95907.284559	101286.358317	103695.783752	104959.742541	106877.342568	
94015.216788	102976.949302	108382.597411	110648.094402	110754.087811	
87093.454998	104725.043962	105211.809598	105374.164756	105398.325890	
96155.554505	101887.471948	102773.937464	104098.714609	107950.968857	
105992.225507	111512.761442	111720.592111	112450.816055	113628.492908	
96292.484561	96669.894252	98549.732479	99704.773081	99840.166036	
101795.564947	104392.781795	106169.798027	107440.619259	107756.680065	
105869.427535	114262.545436	117990.781936	121654.469608	122047.360185	
92689.798978	96538.087612	100152.057522	101260.966630	102415.718962	
107668.338980	109292.400807	110237.186076	110573.130100	112426.462254	
83453.244506	86724.668625	96150.532878	98459.427883	99056.449740	
104062.547871	112690.546127	114558.856720	116186.399348	116619.667680	
104201.263530	111542.179453	112581.560858	113018.005981	113711.899541	
95478.180900	102004.867920	103105.592508	103172.548701	103431.630022	
95474.758770	100179.725747	101110.435518	104004.606212	104253.133515	
93164.680315	107922.417686	109251.083755	112371.037112	112527.784573	
108533.688466	109438.551588	110656.369947	112368.856124	113061.402664	
93616.578869	93759.575917	94347.546871	99380.776627	99625.927561	
106660.126801	106755.003586	106855.124169	107215.078820	108005.655204	
88247.889784	102399.692073	105332.887933	106006.162665	109141.903905	
87975.334561	99666.508052	103225.245857	103908.304806	106571.327902	
90174.322578	106387.440880	107060.768274	108366.990473	109502.092379	
100717.070109	108645.184161	109161.187546	110224.108005	113836.585058	
100422.900119	107806.970914	108077.486953	108329.148658	110040.127940	
97279.862721	99771.451699	102408.219477	104629.811727	108420.839864	
107335.621659	108055.473180	108263.983685	108306.569137	108891.489398	
112327.247163	113744.723385	114115.441237	114277.937366	114329.870870	
104548.407700	105593.189892	110058.070058	110566.497646	111825.790889	
88604.772871	100384.947699	100641.523096	101777.454119	102846.005965	
90581.011098	97216.101608	101568.235723	103845.219674	103984.082850	
99451.863924	102711.427870	106693.518992	111289.257916	111510.700605	
103340.635194	104419.925704	104789.963078	105606.912647	106262.323513	
100461.372969	101405.027609	101823.809691	101849.695264	102137.291294	
98115.556421	104404.123730	106807.604795	107318.839991	108106.861423	
94648.593248	98506.537245	99372.141384	105368.890435	111024.383039	
101408.647466	102504.304116	102626.879015	103291.529127	103908.052051	
103658.155645	106858.252307	110773.904324	113662.803921	114359.399145	
90536.562216	93818.739708	94838.040948	95347.898056	97365.149194	
95533.655199	98479.263701	102278.205172	102571.247251	105495.352115	
95381.238598	95958.349920	99036.338510	99120.060899	100176.643689	
106570.763790	112093.888359	113237.616607	114421.086461	116193.699108	
107526.710801	110303.275606	111070.991205	112400.786138	113501.683186	
93295.910646	94607.155642	97612.256303	99162.422325	99464.846089	
99157.634578	104318.869092	104609.691168	108853.073291	109279.828394	
96882.342683	102307.212925	103119.803516	104404.985766	104778.553501	
104968.564495	105829.180854	107178.630371	107882.355673	111075.500586	
95473.654613	102967.688545	104827.412822	106953.430059	107457.343573	
92668.952307	93125.447091	102535.077286	102991.835978	106648.656456	
93584.181238	101725.464005	102930.888962	104427.386793	105156.894471	
113846.986594	114253.560605	114297.384651	115716.793215	116664.164901	
98340.449817	105846.061203	106002.072609	106516.563985	108049.328984	
92147.720057	101995.843210	104574.651107	105338.940417	105743.638821	
96476.582261	100089.905253	100756.296322	101015.964766	102309.098180	
100604.207288	101684.801181	102640.833116	102741.019733	104126.229818	
105387.952802	106732.728638	106953.734304	108754.556711	113348.379322	
93682.108515	97167.461258	97771.792442	100451.779933	101442.202023	
80886.503785	94860.279124	96657.339845	97031.005152	101169.335052	
108726.331317	108841.312318	110568.457257	113167.653842	114486.682143	
91137.621699	94818.782326	95279.044086	98273.154722	98621.359327	
104137.070535	106979.977019	107074.524643	108220.993780	108704.154686	
101420.076595	101477.939071	113426.193108	114637.892037	115181.569115	
105653.604864	106226.470750	107535.245509	107652.256279	107830.703058	
95719.825801	110858.063612	113283.763319	114485.691674	117247.141749	
94717.864282	104569.778052	109455.879628	113831.043305	114292.212326	
101242.636816	109252.754944	113313.703579	113522.225110	114643.079078	
85447.171083	91043.177567	95456.223442	101223.200296	102075.854078	
92624.641400	105747.553401	107318.058802	107905.082836	108656.906718	
90635.023273	100236.306497	100568.003517	100653.702249	101619.213308	
99049.960411	99917.116022	101687.010911	105806.637767	106677.014897	
100298.150505	106074.588799	107519.845077	107759.117643	110410.796896	
99057.537533	102485.085330	105534.046994	105733.768972	107160.845155	
86921.771093	89701.377377	99454.782612	100257.167321	100727.277867	
103293.288390	108652.695416	111592.034400	111632.452239	114371.006393	
88215.285578	96285.638014	108765.789080	112280.283787	113405.289961	
99060.462693	100286.825527	104458.513491	104486.964635	105232.640675	
98684.485095	100190.208952	101552.275736	102893.128583	105841.305985	
87333.050811	97197.268711	105191.717672	105576.734226	107857.500826	
87193.210953	100690.714480	107617.173657	108008.040106	108719.261738	
105666.339098	107039.381168	107076.218862	107590.519628	107998.560174	
102111.734900	106887.421102	108201.047409	109510.038594	109869.238585	
99199.059194	104230.814740	104867.512517	105258.218973	105756.234539	
99721.283698	107692.462747	108169.060892	108568.683364	109226.855523	
103004.454842	103491.227800	105688.603969	109246.757808	110357.132065	
97631.368988	101998.135493	103073.505394	104756.073993	105538.596964	
93378.472272	95079.949023	96764.804958	100905.200721	101853.452001	
99579.100534	104592.615215	105962.549471	107064.770138	108420.439913	
107392.806494	111832.320132	115881.329924	116346.818588	117852.612485	
97279.321030	101128.975035	102340.040769	104476.536574	104610.456215	
98278.213147	99974.464860	100770.101790	101629.742529	104313.453647	
99265.453522	105516.205647	107970.224801	112230.836191	112801.725169	
104956.628472	106278.560156	106684.115400	107612.796325	109035.764290	
90268.610249	92365.289084	98710.978178	101790.033586	102523.083460	
101668.327493	105665.251527	109461.226470	109914.654913	111019.976646	
101955.421685	104872.101680	107507.739591	109017.667934	111765.813792	
112784.184666	112969.543919	122132.754277	122948.053012	123657.028804	
105617.551580	109560.995135	110854.173714	112738.681875	112779.367909	
103175.597041	109666.738164	111498.340445	111913.057656	112056.881517	
101038.133457	102338.514761	103838.355986	104996.844961	106238.812181	
98399.802910	108707.213081	109154.672773	110914.217025	112471.858151	
107413.245928	111686.178008	114644.209768	117137.039864	117928.750545	
91750.389443	97221.111463	97758.896411	99493.692895	100628.574371	
87895.891373	94576.758228	94822.869561	98455.256587	100263.208907	
103468.281722	103610.130891	106712.368319	110367.528466	111075.631435	
88923.575355	103118.583318	108428.563610	109823.341860	109999.013401	
106837.378174	108420.847798	110063.403101	110957.020402	111556.739874	
111789.014707	113216.727946	113577.411758	114478.200313	115307.490868	
107250.025707	110018.822678	111139.731778	111816.475055	115139.970538	
98403.164840	105773.817153	107877.581644	108189.936117	108565.219606	
96068.763331	98740.943458	99161.592871	100131.323215	100194.341028	
95018.368996	98584.604071	99002.735438	99406.076520	102210.235111	
97799.605226	99498.423840	99923.192395	100552.228809	102352.803950	
79090.213645	89628.801873	90328.891954	95810.050973	96248.014879	
106238.077062	106964.522074	112248.161199	113190.211870	113724.016706	
117638.779822	117819.140504	130025.235145	131082.475157	131472.947116	
93718.677977	95085.009541	98041.517575	99756.212418	100345.016312	
85309.235402	91606.048473	92168.740472	101506.986458	101598.932802	
104871.240256	108739.105858	109047.175235	109065.336671	109171.410118	
98246.995005	104138.598307	104792.525720	105098.301560	105177.027390	
110838.193745	111957.349050	113180.549993	114154.806718	116923.349843	
96908.332870	98117.761706	99161.940379	99368.012765	99775.560357	
98796.437056	103894.370085	108131.642639	109055.507713	109449.185382	
113859.943444	113883.612164	114624.928924	115692.061716	118124.407110	
86489.797758	94884.405119	99624.273844	102081.214698	103319.475763	
101220.062625	103048.532652	103722.795532	104388.826572	105141.309794	
107004.133520	109683.163541	112078.094768	116700.140869	117837.986519	
86938.786524	97753.107774	97820.384854	98157.951716	98753.941000	
101349.448666	105003.858352	105066.779184	105620.101686	105837.460558	
107411.335626	112418.147196	113173.965136	114889.006185	114920.173804	
111088.250429	114229.687843	114859.806074	115225.342377	115764.851832	
110391.732365	114273.377506	114806.889078	115986.252047	115990.155185	
105065.719396	107584.679702	107994.642040	108719.253971	110948.242280	
101824.581307	104087.621891	105915.956311	106085.895996	106495.338196	
100699.851378	102094.008468	105797.360198	107159.265442	107758.883261	
102894.858505	105889.741494	107690.729643	107722.792372	109363.442547	
92934.693256	93929.099137	102779.239462	103126.715673	103272.404138	
104403.250341	108362.561496	108432.484228	108566.630960	109615.852905	
98488.085171	106058.672176	108651.635478	110760.089093	111460.727287	
100308.798947	108121.978202	108464.937024	108500.363504	109001.667848	
97015.123611	107145.029545	108112.285475	109287.639562	111076.879846	
96109.277068	100188.551890	100206.057521	101653.706694	102731.471889	
89622.015636	96742.341977	101839.481737	105567.006610	105853.221280	
100207.882815	114204.645297	114766.913142	115131.558641	115599.376161	
97807.950646	108632.009256	115397.979242	117052.864540	117053.431751	
99186.532338	112890.019229	114862.781640	115560.773469	115629.324656	
112066.812895	113416.608451	117353.996473	119555.779487	119892.850206	
85047.880545	87200.071926	94046.903812	94280.034307	95536.932318	
88043.072490	92926.890976	96706.014371	98298.121817	98776.826241	
109864.758025	109866.971301	112215.129926	112692.969519	114011.036755	
108696.094271	109329.783677	112347.651709	112944.890717	113641.699281	
97556.984346	100460.934702	103145.859584	103702.952815	104862.361317	
93938.264544	94365.867882	95807.803748	97807.209071	98273.154722	
102914.584620	102928.909047	104009.670543	105219.682835	105904.170525	
101294.833184	102347.417571	103492.806261	104774.722847	105383.528556	
116203.598169	116584.608220	121890.161661	123139.885325	123989.202637	
98040.387176	104081.371999	104734.446349	108907.907718	109283.550325	
98319.582098	106704.033002	107146.726412	108260.952828	108573.308591	
93372.474627	94833.228586	96404.324324	100162.067051	100757.819368	
103154.193032	107779.385912	107824.744405	109433.049708	110897.415078	
99769.169156	101240.554001	101519.681505	102653.008175	103846.052470	
104047.643691	104340.955079	105644.434462	105652.359523	105913.187996	
92917.953820	97132.298723	99168.608138	99723.425940	100409.880976	
109606.544418	109915.989121	110891.477771	111539.601685	112634.657702	
97358.454121	102953.784282	103474.364611	104229.380975	105502.390420	
93404.480679	99454.782612	100527.369731	102171.258910	103442.191524	
94726.378440	95470.657314	101501.472044	105547.059083	106095.949736	
96938.166176	99553.911003	103424.350901	103904.736927	104531.090537	
101376.817810	103671.732041	105429.790927	107352.841158	107841.202653	
108569.148783	110400.700905	112469.205643	112965.861236	113654.976715	
93095.059798	93350.818875	93490.959491	93888.564124	95605.942344	
95167.713401	96894.095077	98786.229891	101993.248617	102642.521491	
108873.390046	109430.760084	109450.249855	110354.409836	112153.958273	
103719.083196	104630.041348	106585.076877	107611.670600	108318.446794	
99129.786752	103368.569004	103568.399016	104115.282003	108687.509317	
104297.972853	106351.488143	109814.415247	110614.537820	111548.824472	
101814.496787	108812.397892	110112.246132	110557.480168	114121.793414	
89429.823940	99475.828991	100657.955056	100723.376536	101127.425707	
83380.363382	94193.574420	95843.329657	98840.367184	100513.301759	
98660.890448	103857.852900	105365.637164	107121.163073	107537.499514	
96712.146385	102273.799757	103257.053264	105790.180002	107392.617905	
81190.128487	98900.510506	100147.870790	100430.321931	100518.198183	
91830.149690	91858.444932	98769.218061	98910.876809	102995.290347	
105439.233317	106231.338158	107855.155151	107896.368901	108177.106694	
101041.532759	102480.046258	107363.300690	108787.960352	113222.977516	
93951.624427	94363.670202	95904.902549	99374.946493	101982.963493	
94642.031290	97911.118632	99508.031908	101172.747241	102792.180831	
85865.653785	89701.377377	104446.828864	110503.250987	110761.307483	
106620.900762	106771.598213	109209.805422	109282.399170	110884.223671	
107236.854032	107869.265260	113889.611183	116737.875785	116922.822573	
96292.076770	105665.648421	108502.469101	110396.103941	110875.750057	
93402.919771	98897.135887	106320.297094	107724.880121	109453.130063	
88407.692036	95033.530408	100522.143524	101271.624371	101690.830200	
91932.979829	95033.045480	95745.802397	97462.410182	99444.746601	
93517.568999	98722.632056	99607.750638	102982.613544	103401.211499	
101593.389671	102877.370699	104319.002773	105301.819288	105339.775532	
105769.935935	106555.423631	107616.056626	113138.584515	113477.097084	
101490.635536	103098.003706	103721.949458	104404.091334	105021.197726	
90637.270035	105681.445737	106963.796543	108490.979897	108506.901228	
92888.315496	99084.201729	100767.719018	101466.315397	101887.471948	
99894.154595	102657.638544	105756.887159	106373.626454	106832.194677	
97365.149194	100303.521052	102021.377650	103360.726216	105872.159912	
94355.368469	99412.464461	105067.244732	105179.415023	107471.846357	
88987.466500	101197.680680	106418.953222	107806.740280	108673.581819	
92177.609683	101348.837020	102510.950277	104573.862592	104924.475594	
103115.275387	105538.117388	106134.113877	106472.928409	106548.230126	
103355.352355	105412.416480	107402.517182	111496.506866	112134.947455	
106074.444832	107153.947354	108126.494757	109062.631175	109477.202938	
101192.729035	101503.353358	101526.293736	101893.721396	103914.532677	
96147.147479	97223.884260	98058.139548	101373.817960	103726.956707	
91662.989374	93073.130434	96452.400449	97851.196223	98963.578286	
102653.008175	102769.411159	103182.736513	103487.168449	104295.210408	
97349.466546	100489.824915	100827.263269	101657.348992	101865.976925	
103273.476261	107654.527204	108662.239915	108739.105858	109593.378495	
100339.990262	102232.207929	108090.335003	109001.455116	109335.375257	
81736.079563	97649.122492	101526.104199	101989.199263	102001.342360	
86253.828084	103852.133409	105793.496177	108809.893462	110371.943146	
96342.554447	99728.323092	102711.619157	104449.959276	105375.700505	
87690.405760	89289.305563	94156.936795	94717.864282	97189.667371	
104544.864185	105482.013974	117173.164471	117587.542511	119058.650016	
80542.261284	95859.971899	97160.352943	98319.246889	100710.781718	
103330.234809	105734.766243	106600.806187	107525.444104	108593.072090	
95617.586357	96044.398489	102684.844065	103982.064964	105803.916456	
101741.485939	102527.523338	107669.926471	107979.594724	108273.031755	
94852.988072	96745.677901	97469.964598	100636.438712	104040.467587	
111267.562479	111827.371329	113633.981099	116193.053601	116349.648080	
83853.769380	89713.140678	93984.346482	95878.674396	95898.736245	
96945.158448	98147.845716	99801.628105	100571.612644	101640.012680	
98769.218061	99624.527877	103475.108607	105861.381214	108077.945921	
95451.490145	95940.711330	103306.436394	105164.204889	105470.824691	
102301.752277	103083.470211	103914.519425	105599.924156	105781.715581	
97457.951310	97589.314144	104354.230408	105391.375816	105532.697225	
87019.273350	88464.609141	90574.815694	92379.265124	93615.438307	
98413.120477	99037.170292	104544.991637	107689.283468	108500.988027	
89834.302066	100377.046050	103437.950587	106055.023902	107122.591067	
99949.187382	111286.091253	114527.609287	115934.615325	117657.218047	
110923.585135	112638.430325	112716.386816	112980.328301	115316.041224	
94277.714502	94464.184296	98317.151177	101915.306494	102123.482600	
97701.915899	109309.670830	112336.042627	113307.746713	115297.298967	
104990.176142	107357.481535	109793.787039	109932.451261	110562.988671	
91047.291259	97798.070345	101663.438382	103181.083281	104390.713161	
101391.884135	104261.777436	114741.782610	115995.463725	116814.239685	
103762.655176	105060.836789	108518.894212	108931.345938	110666.526918	
94289.085575	94710.029196	100222.174736	100255.341455	100781.792771	
89778.746830	95702.624504	96806.290839	97031.256141	97050.543894	
94946.662931	100759.062134	101259.346722	101344.357413	102091.149165	
101129.952456	103806.309227	104539.807926	104797.735015	106222.598931	
106095.465794	114107.893361	114152.704339	114430.591451	115441.108746	
105206.751708	107012.104170	107055.801131	108069.181544	108106.024094	
102533.681366	107078.417156	110852.411571	111156.425095	113605.752484	
89152.839714	93329.689254	97652.424729	98739.797025	99963.863422	
94645.056166	95549.170776	97102.759877	99634.231175	100452.225688	
99475.041475	106842.225439	109321.961912	109345.364971	109537.943730	
107417.669274	114210.702745	115781.472036	118030.335627	120272.888099	
115207.813685	115784.292395	116172.358795	117441.959052	118929.929043	
98732.207020	100153.941134	101177.643626	103324.687550	104822.464044	
89630.156472	93621.960121	102897.100913	105449.098484	111263.763682	
106693.391716	108182.108726	108396.811575	110832.673603	111406.963232	
98497.022241	101809.798405	102769.330960	102909.990738	103096.746729	
102769.053608	102855.509652	109449.827022	110966.362361	111566.606829	
98235.811098	102867.726714	103421.978831	103537.220453	106571.977469	
110987.811730	114160.117130	114423.136301	119391.725123	120031.872170	
88507.179784	95461.931421	101038.286761	104431.992608	104724.092617	
99037.065874	102596.611270	104933.011828	105698.745181	106448.301538	
97499.749493	98329.768487	102234.296711	102360.473935	102732.316441	
105756.493540	108551.524169	112444.955291	112543.309329	112764.078485	
97069.979957	102996.953823	103438.873249	103513.863326	103676.633437	
106835.285552	107267.055581	111654.216048	114458.446581	114845.368482	
93619.619704	97541.744336	98297.878940	99688.500507	100030.059036	
97063.656042	99942.100995	101276.082125	102153.919836	104498.893799	
96168.412805	103343.858139	105066.009345	105081.980243	108253.675440	
104280.318631	108391.445795	110183.387771	111435.433307	112632.601295	
89849.881278	110720.121051	110845.719031	111802.598403	114372.111167	
99275.125879	102934.419415	105806.100308	106353.548556	107127.997051	
96943.407007	97812.998939	100435.309590	100705.926836	103108.839313	
101916.788023	104370.365029	109991.443864	112245.375434	112877.131801	
95872.456329	105435.795090	113134.722082	113241.526413	113454.610933	
101055.053043	111765.661118	113170.327469	113174.805858	113542.111298	
90778.929836	103152.314501	106319.089100	106483.204962	107492.950168	
100451.573899	103485.334144	104405.097664	106365.811457	106761.362648	
95342.119553	106261.550694	108654.552877	110758.655252	112052.322180	
92418.657939	95075.448550	99601.095197	100790.074293	101037.375434	
95283.509555	115242.706049	115412.943858	115568.005361	115570.348149	
96477.796515	97422.696219	99984.101974	101236.282616	103620.892634	
85025.859391	96469.975151	97526.703097	102788.043079	104850.951096	
109668.597823	111931.477510	112836.405725	113627.806044	116815.059995	
111256.349330	112090.360384	114488.291384	118103.591987	120173.932584	
102346.610546	104295.204133	106043.912144	106744.062054	108973.062121	
97358.833204	98580.852590	102690.419808	103413.330613	104573.671400	
109855.508967	111785.813984	113205.298807	115851.106504	116953.057118	
97218.721324	104694.270465	108041.777968	109670.468885	110084.658136	
100335.107579	103999.530206	104270.728971	105572.964822	108967.460580	
102127.686744	111062.976889	111344.030082	111489.765388	112911.828909	
102181.819065	102772.465240	107098.510734	108187.048105	109834.225681	
101336.787763	102817.937587	102999.225100	104072.492730	104310.679140	
101154.979742	105587.229190	108131.309034	108377.234548	108754.891430	
97396.655439	100509.613514	100907.993461	106838.185415	106934.286684	
105189.395169	112649.974927	113050.841638	113704.379680	114732.238226	
103621.675621	111268.197122	111392.650958	111688.401129	112642.414001	
100737.492713	107273.851812	107984.962812	110283.742451	110455.434555	
101833.546540	107674.542211	107883.004890	109849.396803	110526.099751	
91690.773105	91927.820501	92687.758707	95964.591196	98425.547677	
106693.802251	111789.550408	112555.514321	112848.210011	113768.151126	
111438.873196	111557.093947	113879.864593	113924.682575	115310.415336	
96380.506014	106787.794767	110184.370048	110706.576032	111036.707180	
94801.067807	96669.894252	98730.196590	99582.313689	99855.836174	
93462.774197	94150.240228	104418.061142	107783.477370	111450.205737	
107539.042205	110632.324787	114026.471012	116209.198850	117519.158577	
106132.927287	114212.532356	117402.707640	117558.517501	117735.477862	
86311.112580	98366.119154	100990.131210	102604.107669	103862.831289	
94193.783201	95138.360754	95186.060572	103789.335019	104910.969030	
109168.669936	111362.380584	112796.375182	113463.268305	114643.042518	
93058.925286	101998.626627	105320.267693	106690.262288	107399.523326	
100180.563536	103122.659416	105730.029960	105895.018027	106395.327326	
111379.425957	112106.941808	117800.969758	119246.229289	119876.577901	
95838.927195	99187.228788	101955.421685	103494.417901	104332.539903	
108984.748095	110294.034311	112721.597849	113455.200921	113750.247237	
97144.622613	97398.408403	102547.375158	104947.011332	106343.305502	
93654.246373	105636.868710	107760.523782	107868.864609	110848.906342	
93363.074138	102135.111356	107359.568576	108916.276733	108994.230464	
95636.611285	96894.019017	101892.834557	102393.278918	103337.182138	
108483.412197	109040.855225	110417.451339	113629.117112	116956.834389	
93809.032866	100142.832501	102420.310699	103450.277724	106958.113148	
84653.932024	92365.750747	94686.810604	96167.828354	97083.788028	
94178.776115	100974.288037	103104.468988	103820.197357	103929.295066	
103139.578215	107211.056535	108056.972805	111374.916359	112324.396131	
90166.502743	103236.199536	105790.097108	106248.710811	106822.413890	
100963.763798	106820.845431	107994.240883	109659.378558	109892.611646	
88825.921196	95001.970353	99337.551199	99525.642167	101280.770292	
98730.725327	101381.799576	103920.364495	106262.553157	107072.637828	
101460.755943	113001.268279	115376.870343	115507.241241	115709.423819	
93956.526549	103287.178174	103291.529127	103518.853626	104999.601349	
89205.197040	89684.150461	94553.445892	94676.359735	95196.590364	
98324.931183	103907.297486	104064.381596	105063.081294	106042.256520	
97589.999879	99447.813173	99516.220996	99750.405905	104765.701483	
101437.850251	110410.618620	111289.121520	114797.899854	116346.334407	
104734.578570	106287.586286	107331.294077	107529.881637	108088.235907	
103131.121153	103855.745778	109612.164124	113943.662370	115482.759370	
94017.582186	98254.255096	102742.501437	105006.534830	105409.536032	
100266.790978	100805.921679	102969.482508	103748.606447	104129.265381	
105355.482924	107310.856655	108862.355980	109655.054295	110511.111314	
99560.150596	103000.087748	110831.609166	111470.546717	111496.334456	
105307.724925	105432.295569	111169.863784	112917.432960	113303.654070	
109551.579700	109653.596334	110331.089940	111469.095829	111669.417970	
107939.367809	115698.236882	115943.577059	117761.551079	118675.279691	
114473.006581	115586.173408	118830.811414	119874.279233	120149.733223	
96569.155984	102764.889051	108054.072598	108847.710377	109630.076204	
89231.356867	94399.412422	102341.630726	107654.076198	107841.202653	
102960.608161	111125.978460	116941.703778	117636.843300	118995.321282	
87818.754721	94104.018868	95167.515326	103387.781171	103776.763060	
100435.368876	104342.296917	107048.303663	108768.125324	109361.524469	
90668.784308	99875.997651	103368.923862	109436.292582	109937.443061	
93347.774252	101981.739109	102939.570174	103360.609193	103948.481608	
117986.461491	118897.709169	119321.080960	120856.983746	121044.828172	
96157.484585	101671.950149	101872.681684	104469.927011	104858.261342	
102573.869385	105383.993333	108950.383927	111667.491917	111772.288711	
104407.558252	106181.327657	109129.790135	113074.400864	113107.126479	
81830.869218	98830.793489	104981.182288	107986.258197	108148.687624	
102796.921429	103312.050531	103722.333091	104417.829447	105482.812161	
87004.710351	90289.059056	93758.965758	94831.261927	96232.671573	
95745.413864	96269.986079	97988.650592	99947.016960	102480.460244	
89216.193051	95841.372694	97150.227179	105666.280922	105698.722890	
97951.457430	101703.564569	102931.634881	104029.141835	104366.224267	
98685.745049	105921.324555	107007.731232	110910.519825	112266.647118	
98536.773188	98665.149002	103789.957108	104101.267843	104342.721008	
95892.111031	104192.352097	105098.709879	108183.949310	112247.606608	
100583.243208	116015.331163	117880.248211	118170.027242	118227.226078	
94877.279919	97073.005546	100984.368855	103200.061519	103654.755337	
107862.807485	111410.791194	112601.383265	112948.700012	116040.791724	
94348.817315	95347.898056	96173.680575	96456.201388	97250.650741	
100730.689136	114038.206465	114339.957808	115524.678986	116628.217034	
102931.416907	104068.262047	104954.064326	106458.036647	107888.991834	
107365.312324	107941.389745	108719.936466	110144.076568	110882.198887	
103643.426466	106007.817283	107634.145587	107666.445338	112967.285167	
97885.438861	98232.928503	103706.033358	105047.509264	105516.059271	
99773.212116	101992.521753	102755.745226	103052.100407	104907.776410	
102047.420022	111880.893525	112927.995612	113804.543150	115557.418221	
101610.882066	106195.171308	107207.162592	108669.421157	108696.915370	
85666.235029	101934.406936	104043.640884	105300.717557	105937.813638	
88778.121362	93969.377999	97723.424282	98794.512202	99249.794193	
93814.042572	100901.912506	101121.162714	103079.927908	105259.817811	
103481.676992	105246.904617	106418.431246	106643.161860	106921.627027	
86432.117973	91939.429541	94000.742431	96894.019017	99083.726330	
99327.361668	108761.686846	109200.302582	110465.881145	114696.381194	
100236.306497	101036.380813	103221.888159	105978.840848	106261.936436	
92767.356000	96932.131430	104097.170830	104725.065685	106854.763611	
103218.409853	104619.545961	106508.166375	106928.695243	107000.926303	
83161.752355	100146.599871	100708.188868	100917.644080	101204.150693	
99651.255194	103429.037126	108347.088822	109537.943730	110409.781178	
101026.243803	108606.911152	110709.544232	111158.801037	112849.341532	
102768.283689	102784.341451	103204.575347	103810.240894	105588.355619	
100250.444663	102816.653618	103330.652583	104607.166561	104914.201203	
91793.382585	95209.547964	95552.501422	97762.977842	98527.269280	
102822.134460	103673.596780	104262.274584	104793.524635	106173.455619	
106340.885327	106956.623988	111732.077615	111867.508203	113588.424653	
87588.160826	102855.509652	103477.472938	106563.005357	107646.894467	
99836.076860	102792.245650	110495.112542	110534.770772	111414.944282	
107358.628195	107718.704193	107974.836252	108463.352723	111540.234325	
98192.135688	104786.748260	105528.749564	105719.861603	106995.277073	
107205.827429	109266.811669	109916.180790	110154.882458	111325.753855	
86771.585666	91774.986959	95984.861174	100393.507958	100800.050831	
105783.528557	107703.811726	110164.565269	112625.394880	113019.688777	
118190.619954	119255.413586	119864.310287	120276.269582	123039.143679	
97820.384854	99445.613863	100840.824917	102313.043212	103342.670968	
107595.077631	110208.309077	110542.255508	110996.259312	111024.448634	
99162.777993	105151.013998	106524.477373	110470.810337	112762.827503	
107338.066908	107860.936308	110821.325397	113553.973403	113777.609994	
110905.124636	117735.850593	118389.633981	121581.015010	121979.594383	
100640.056424	101009.252575	101168.764870	101702.420799	102268.180929	
105506.479149	106508.543607	108715.977418	111165.900379	111575.382898	
97414.795506	107543.848925	109970.033522	111964.035361	113851.043314	
83938.731794	100213.175092	101169.915918	104196.966097	105981.170976	
100115.925498	100786.067269	106071.652210	108659.013899	109300.917770	
94399.967527	99294.219618	106835.804400	108666.562166	108938.484795	
104448.157463	108090.335003	108484.469311	110417.366711	110787.526717	
101212.211906	105056.599686	105570.931760	105653.035254	106083.705202	
101608.033919	107508.760884	109097.961147	113852.971438	113893.203813	
90937.248114	94765.362035	96376.129304	97219.083491	97655.095477	
93888.564124	94316.105685	103431.197176	103779.222303	104996.248405	
107787.342481	110621.508938	110902.661649	114169.191320	114544.087552	
102730.946334	108305.377521	108445.225126	109280.586418	110405.538286	
104332.050506	104376.108279	109951.248976	110715.811180	112221.691833	
105924.244931	110918.993507	112722.100879	115186.961161	116914.198113	
106407.289293	110944.363544	112858.077006	113576.684060	113960.158047	
93730.472727	98736.875904	102720.535824	103330.291399	103485.835796	
98216.336895	98674.745316	99747.074296	100878.633018	104465.178154	
100152.320175	103297.323864	107201.435839	108752.606338	109829.362337	
98794.551098	100402.102920	100727.277867	105567.471397	106315.990673	
103335.371755	106418.319676	109038.228084	109568.705757	111053.361998	
110268.811424	113441.288040	115229.520220	115413.462548	115666.347731	
97728.604106	99287.417631	100474.241062	101217.046326	104505.190986	
94967.283256	96591.706370	99553.214447	99721.283698	100922.787714	
95733.324265	100007.286098	100378.100046	101068.998304	102548.800820	
104956.229310	106198.368822	107083.818511	108444.436882	108655.352769	
97356.092133	102106.712174	107001.994653	109087.879966	110108.120009	
96340.107835	96539.102933	105126.166991	105892.413268	106045.284047	
99062.255941	101220.662604	101390.117841	102739.783452	103728.241069	
97325.355516	98114.318743	98853.535258	99781.731914	102165.498001	
101092.418564	105223.024140	110112.223538	110893.082082	112438.106915	
103226.585641	104233.199620	104699.628489	104794.330510	106128.305167	
102884.063385	104824.330248	105017.880804	106447.316874	107893.819007	
104371.422807	107606.625279	111090.311551	112824.176232	113203.696534	
107616.230892	112120.551709	113924.738817	114682.985904	115099.068188	
95843.487738	100769.506237	104005.697443	104880.936934	106438.150313	
96964.949371	98573.823716	102609.249094	102734.144154	103099.219823	
93199.490780	96637.536296	101577.418977	102452.041798	102526.792234	
100248.685635	103928.698204	104957.266548	105362.338516	106437.525534	
89727.035889	91750.389443	99950.872297	101130.626909	104734.990503	
102075.124442	102712.327106	103178.257569	110101.281766	112763.343999	
100591.055782	101539.565470	102068.512444	103727.840578	103827.096634	
98884.876173	101966.774275	107090.330332	107917.967786	108944.264944	
98985.156839	103144.925987	103962.013819	104184.398743	106242.693680	
101769.907583	103157.991287	107369.771997	109245.918166	109868.298081	
89817.928907	92218.590676	96012.262178	100015.941250	102135.368298	
87353.828267	99716.225232	101259.691628	103197.614500	103496.287302	
107305.119788	107870.373835	108233.361064	110761.676728	112697.780310	
94015.216788	97515.951883	101607.704244	101681.765763	102109.279513	
99261.802811	100747.662240	104153.036456	105122.350205	105182.728197	
119307.235590	120021.959421	120971.574757	124943.927599	125852.638146	
99207.291901	99735.418970	100438.081457	102165.555112	102313.652412	
101140.535931	102227.002285	105226.140771	106521.172397	106888.360856	
97544.273597	100880.044284	105065.028699	107618.423104	110189.830570	
101094.794444	104189.262383	104821.384368	105577.030425	107234.469605	
109151.839040	112996.010752	113546.034326	114326.373400	114431.030094	
103755.905106	106579.311492	108743.176206	108755.656590	108867.234990	
103081.396595	105548.472883	105837.002693	106761.038695	109611.125410	
91478.227799	95282.465472	97413.343098	99380.776627	100181.563332	
103539.067094	112865.061664	113846.935597	114721.092280	115388.341506	
94706.588588	98241.287189	107643.709777	109559.599827	111194.120509	
91500.383281	97740.051508	105322.889140	105780.855255	105987.718424	
117902.941608	120677.523895	122070.536082	122866.777202	123197.572256	
95029.250135	108029.681221	108116.469717	112121.984747	113334.369738	
102139.880138	105135.001030	107337.553644	108571.198651	108655.224777	
97051.919883	98911.456609	98925.672352	99878.061694	101489.314964	
90581.255274	91581.533104	93601.502432	94586.040263	95126.724962	
94447.928447	104176.014462	104494.334405	106083.096050	106172.177964	
95336.944591	103272.404138	105757.714787	106889.345171	107069.814946	
96150.855885	97714.673217	101730.848822	105314.564739	107826.699351	
88900.933115	102826.840411	103355.854220	104777.905871	106191.301972	
96772.565733	101029.280414	101611.738482	102387.338232	102784.600799	
93742.514914	102870.155443	104116.448081	104808.149148	105055.948907	
102337.630228	102424.930201	102536.724263	104379.307090	106324.027051	
110696.659546	111442.412969	115275.860763	115709.734643	117611.755751	
95602.496294	99467.362968	99522.865136	100709.269211	101961.720412	
114020.719137	116064.824056	116308.342947	120278.005814	122897.019572	
112749.912500	113089.197043	114237.469843	115884.621716	117388.296771	
98794.937879	102075.062021	108156.742704	109000.441263	109409.526985	
97124.854436	98146.227995	102402.441763	104143.711663	104246.195328	
98733.895667	99845.708973	100840.824917	101676.602295	108091.520047	
117805.904808	118433.560838	118873.781167	119624.750862	120786.151165	
107073.112427	108535.270911	111754.021356	112247.842224	112681.277362	
115453.772606	119571.307027	120200.779911	120227.753750	120883.239231	
99511.793670	103507.952952	107531.462788	107893.408586	108208.448367	
111119.412301	115137.365805	116305.454187	116331.364796	118130.217798	
103561.569659	105340.119768	108585.687051	110608.686945	112739.843769	
93948.654163	101108.014898	103664.859988	104463.891415	104906.267835	
107851.314379	108808.137036	110650.346358	111786.715495	113343.613658	
93146.734822	103521.035957	104732.436240	105717.536912	107463.879910	
94003.515988	97167.461258	98545.915840	102879.489127	103441.501024	
83439.148874	101551.125350	101560.956312	103496.910178	103737.595730	
108515.490673	113672.185778	114820.318460	115139.550023	115737.009110	
101686.203763	102436.741849	103606.758551	105141.014795	108501.585341	
99226.208712	105786.942257	107121.918082	109104.997446	109746.673941	
86253.828084	99332.140862	102472.930270	103192.802090	105062.093056	
90230.748170	96607.634793	102585.832743	108299.882072	108466.181205	
97871.606938	98312.953888	101815.823207	101853.343052	102539.689552	
103091.941248	113965.889191	115335.924141	116021.411348	117708.483916	
97457.967892	104010.933872	106217.909516	107061.355300	110121.405196	
110656.369947	117524.941589	118155.868624	118573.832323	119229.489117	
89191.223384	98025.497758	98476.463174	98835.360102	98856.094145	
108857.123076	111539.184269	111987.404729	114496.564016	114710.698035	
97454.954772	105988.323343	106126.788145	106995.330751	108550.510585	
94524.096448	98135.813852	100078.757412	101056.825113	101657.961174	
103114.569237	103565.020851	104225.969790	104285.277239	107375.296707	
102796.210678	107698.890654	108333.338676	109911.555586	111663.156038	
101732.934340	102463.535482	103133.080390	103881.204930	104893.560503	
95100.230842	95206.207160	95904.977134	97410.333381	103300.455041	
95116.351093	100605.753851	103424.350901	103681.205398	104750.225286	
89372.611672	93234.806113	94174.677512	98496.674154	99532.101931	
99712.076035	100146.599871	101789.784474	103609.223584	105151.682631	
107912.243388	109358.462819	111607.694604	114916.163675	114993.833012	
96082.324338	99644.526640	101533.209645	103081.730898	103154.044751	
92361.552970	95219.457647	102727.498927	102727.738047	104724.914887	
97890.780285	103554.903035	112160.286894	116064.708802	116627.047953	
93994.176006	104494.555244	106023.852660	108233.192346	108338.677678	
93284.458250	98403.442698	99022.076300	99658.863368	100132.486465	
101823.747210	101913.088640	102600.320751	103061.068290	103495.891629	
107492.361955	107666.163714	109703.181313	109862.681825	111075.783450	
100583.243208	104146.306041	105095.654169	105373.587064	108167.571354	
103202.946450	103264.690910	111110.246303	115074.631437	116317.999206	
86203.814949	104253.248529	105762.521592	106766.084096	108693.210734	
99249.216043	99965.018118	102062.749930	103084.794963	104923.259758	
98063.786661	100068.650637	100513.702885	102662.923093	103855.014026	
99850.309015	101144.718106	103271.771365	104409.254478	106167.889901	
86771.585666	101681.765763	104291.626778	104495.627669	105362.216430	
92895.421666	95832.168085	97638.710532	100658.519787	101868.108665	
90085.695267	93429.261109	98600.981457	99045.726403	102324.094798	
103885.227822	106003.477537	106565.987343	109514.433906	109731.383772	
91188.800453	110212.779467	114878.952048	115521.319375	116168.452125	
100519.437939	104537.342648	105141.339344	105444.253163	105649.064527	
99516.220996	101225.402998	109966.855974	110085.397112	110428.437418	
103600.258948	105258.218973	106905.648783	111373.229959	112292.489100	
106572.716939	107997.742473	109182.696390	109249.081095	110134.133546	
97771.646775	100173.397691	100926.574696	103317.013035	103425.188641	
97568.915955	101210.507798	101622.538634	104180.932446	104465.875548	
91024.584315	96500.691656	96631.716118	96735.346331	97926.244158	
110021.423721	110119.123556	110570.197798	112781.429194	113453.745292	
102619.437133	105989.570133	106386.008712	108694.470656	111458.795085	
110055.705061	114583.292015	114946.731548	115224.457494	115441.187537	
96380.506014	98136.913664	104090.398597	105002.734242	105550.817041	
97194.582073	99910.896520	101299.181548	101484.667091	102587.590589	
86095.682599	95780.006929	100110.983652	100730.120930	104694.440637	
107882.888446	110819.564655	113271.019236	113566.154359	116531.934087	
109327.112546	110929.116206	112554.365870	113352.571720	113659.962424	
103049.074311	106242.049718	110144.714287	112380.563265	113764.064575	
100228.312300	103181.725926	107894.236684	107944.914406	108249.445374	
100315.989222	101168.209163	104448.965517	106879.200131	108913.617822	
100468.426778	106601.955998	113122.512455	117863.066804	119326.361675	
92543.129082	94282.576022	100453.118439	103852.616222	106990.700118	
94854.590777	94970.428657	100341.661214	102284.490813	104076.988164	
100253.586914	105599.295987	108227.779852	108679.232604	108841.332840	
108112.280697	108928.559279	113319.011530	113831.991567	114002.533324	
109969.549042	112857.296497	112928.041193	113641.802339	114168.083206	
102488.852117	105050.981896	106548.329479	110561.727931	110729.221502	
95634.318433	105398.312675	108039.128277	108183.293974	108298.861980	
100449.569760	100540.807438	101097.103575	103176.133477	104214.454824	
96238.305584	100962.694899	103142.860231	104034.208438	104412.703639	
106330.985785	113135.282582	117989.632401	119589.072345	119830.435504	
89964.790672	101119.147534	104657.623565	106341.411286	106575.681723	
101052.300215	111665.546491	112686.017848	117437.809370	118860.527892	
104214.107676	107347.681965	108368.543323	109209.860241	111055.813910	
89676.272348	92134.453810	100309.940380	101299.936551	101870.743254	
99880.372082	101279.685044	101294.833184	103638.008259	105623.100370	
104492.791223	108546.000282	110952.835948	111243.813601	111471.091501	
107600.114141	107873.407548	108545.993676	109251.206727	109649.021440	
106147.329132	106883.458911	106884.669946	107764.127801	108728.437279	
109163.924801	110707.130521	110904.433424	110979.254780	111050.116631	
98405.157574	110687.115409	112777.048521	113475.072204	114927.669340	
100093.895564	102340.057406	102519.352786	104228.702000	107601.455595	
89628.801873	96275.269538	98798.890333	102741.201157	102827.560208	
89484.650874	96826.738977	104822.950744	106781.457342	109861.422283	
106916.016504	107898.043515	108304.372199	109438.301523	110151.493907	
111198.288405	112068.641675	116324.477472	117302.831449	117427.901248	
99993.440806	105192.558966	108142.866878	109282.737574	110077.895178	
104018.591281	108735.284146	108951.289334	115017.496247	115477.232741	
105345.630222	106928.169736	108318.446794	109576.058913	109782.558975	
99920.089801	102799.615188	102972.345762	103390.019076	104144.110295	
110096.100194	113445.268728	115452.513235	115809.178938	117411.673526	
93173.558581	95403.364348	100445.100779	101006.379940	101030.265312	
95813.985626	97606.059698	98751.698302	99843.979558	100061.335712	
98787.487967	103928.096557	109108.880362	111034.153313	111332.091846	
103691.905243	111228.790471	116478.968835	118544.699968	118614.849358	
99265.453522	101179.998269	102686.360227	103985.323513	108427.622634	
88746.517516	93111.880226	99762.780603	100084.839116	103587.269718	
98919.481105	103554.903035	105069.517028	108014.870413	109310.875886	
104340.202067	106528.822825	111030.242942	111059.921773	114539.521299	
89071.477428	91311.622773	93416.416993	98898.723535	99395.188583	
97039.384371	99743.295862	100349.784464	100586.849486	101967.657838	
83190.539018	110386.856865	111074.568646	112982.019948	113293.968495	
102229.061267	107740.164108	110279.778853	111693.829683	111716.767106	
96684.285041	97434.539986	98569.253205	98669.952471	99516.440668	
95191.805258	98889.939594	103282.105804	105015.872026	105491.301861	
101668.327493	103414.064685	103676.407140	103737.656978	103819.389671	
77424.616863	86546.153410	90571.155780	91293.001561	91894.788522	
96657.911027	99284.278456	102011.369620	102443.089997	104158.321962	
102927.057719	104146.817583	105819.900738	106231.414779	108774.466041	
104174.847138	105103.077149	108384.399957	108675.331254	109529.221716	
108243.909454	112889.741133	113089.816345	114159.727866	114801.331777	
91003.262650	95392.128577	95924.961565	96523.897622	99277.304225	
96338.242225	96900.548589	103994.320853	106866.614759	106884.669946	
101344.357413	105425.943444	106786.393022	106902.969193	108951.626183	
85953.228451	95787.354816	102972.832601	106046.729964	106783.376890	
104553.553186	105936.628997	106823.767427	107063.848555	108717.394968	
104775.625557	107140.375029	107174.799140	110544.556679	110664.665335	
99213.996909	99426.254544	100133.105067	102368.853162	106564.033996	
98769.952352	102388.089556	103569.776753	104626.534503	107286.433971	
110810.031569	112374.240818	114297.149313	114522.006173	115832.536388	
104208.887759	106024.372726	106316.642152	109801.277381	109836.543661	
100237.606908	102918.745202	104171.492036	106426.763225	107391.248496	
90481.159795	96579.226342	96670.945531	101934.896525	103105.257971	
98064.106635	98312.953888	99262.550105	99447.253933	102270.828351	
105109.947096	108729.349661	111208.459691	111265.229682	111308.938314	
99463.881960	102429.122687	103091.587067	105554.739467	105566.245909	
89205.197040	92435.080096	96870.922766	97750.051449	98795.523900	
116775.353396	117283.644396	117773.908213	119766.014804	119877.290168	
90274.285990	95114.762526	102493.061627	105046.866635	108554.339439	
99863.501344	107278.547241	108897.110852	109322.729587	110255.803579	
102516.852360	105904.170525	108417.673270	109432.538648	109468.087537	
116059.899381	121692.157834	121933.437273	122861.121591	123067.531953	
94316.105685	101583.155207	102533.429643	103907.845570	105211.468389	
106659.151418	112493.634144	114353.560837	114593.273260	115019.489373	
99037.063627	107645.525712	114576.926235	114795.111371	115127.309749	
100323.234940	101101.504246	103737.846471	105144.767099	105294.774009	
95514.896610	98668.854884	105961.497378	108064.266086	110349.015724	
109696.683802	111041.882941	111089.797538	112685.827867	113205.066287	
108054.700969	109151.469056	110347.034216	111470.590042	112802.815960	
98853.457064	107630.788695	109120.128585	111751.637697	114338.819234	
108346.212080	112374.673057	113090.001908	114895.324009	114948.015643	
107800.374343	109359.526780	109782.982745	110512.802148	110527.008629	
97279.862721	110165.297653	111452.258824	111913.139838	113202.463870	
105657.270909	107127.210758	111450.786516	112449.647236	113231.964617	
97448.817723	99063.220445	104512.519980	107257.811620	109476.374281	
111372.454375	114490.707338	120130.663985	120460.712354	121038.324042	
76888.276481	99273.838712	102731.574856	102986.681925	104581.931276	
93153.528115	94377.460907	96632.679368	97135.923928	99078.875817	
88051.009758	95799.169017	97544.495675	98164.594850	101487.125508	
74054.483688	90805.212631	92779.293862	97413.271834	99155.420864	
103869.333713	107749.905248	111961.705725	112373.448407	112614.119417	
100476.695199	101369.025175	110229.295104	112684.998007	113710.277816	
111734.554636	112093.455564	115316.152114	117100.764953	117709.302275	
105880.753534	106953.776497	107210.843215	108966.134094	110826.379466	
93289.000838	97785.106674	105408.760788	106992.068080	109082.003829	
100738.477605	100960.787297	104566.604024	107456.622640	109202.876486	
102986.256535	107935.580203	108822.289499	110820.769640	112896.533427	
88652.386647	96922.492756	102525.571292	104014.278173	105557.256146	
100917.654580	102209.714474	103482.359827	104274.984888	104700.885944	
100096.390731	107050.257731	107285.459373	109101.358796	109985.501857	
108949.996664	109865.680078	112002.426528	113488.275189	113721.295340	
95985.095412	98249.979153	102124.934396	103290.166994	104772.451347	
87204.775019	98158.242006	103220.183468	104626.072227	105227.557860	
93895.298403	97612.256303	99920.089801	101421.825541	102718.293000	
101695.054203	102550.712430	104146.306041	104792.181913	106100.312462	
103975.834754	104571.648873	104872.814472	105080.168942	105387.877493	
100699.851378	101812.654009	102473.166870	103210.178488	103313.556298	
112083.270176	113353.497729	117247.371353	117452.435255	118087.229537	
110076.166294	115048.863424	115278.120808	116435.917824	117797.453033	
109441.476258	115890.111030	116461.632388	116818.906665	117371.788930	
100580.360534	104549.498168	104613.315967	106874.233028	107839.667535	
100428.247463	101650.505761	102096.163872	102103.009747	103179.965417	
97352.442314	102550.139453	106677.656446	109338.639334	109840.336568	
105032.710855	110651.769213	113337.821746	113733.878921	115124.363957	
104757.842310	104843.618544	109748.004649	111028.866143	111167.300441	
100495.618629	105547.920352	106188.850070	106356.293526	110467.014277	
104210.962111	108444.437327	111529.228502	111793.480616	114150.933229	
86206.256505	87997.829254	92484.960073	97236.161183	98378.520816	
82666.548980	101451.068479	103514.821808	106261.946052	108267.447395	
95736.976098	103058.362041	106076.299971	106251.140284	106683.773586	
99689.152624	104413.201035	104844.357947	106905.824759	107636.428922	
113167.842154	113550.675479	113598.177365	114466.081723	117153.631807	
97301.753079	99262.550105	99906.913540	100589.832732	101332.670085	
108415.892565	109488.455534	109806.954790	109885.021000	110288.843551	
99317.640605	100256.855909	101052.180478	101610.748347	102907.629739	
92665.034152	113965.926594	115037.112086	116249.339835	117545.960320	
97753.033456	105662.916500	105781.715581	105811.849114	106437.461899	
106703.534282	108853.073291	110318.176116	111005.903919	111159.975468	
100887.786362	101619.213308	102967.323458	103842.435570	104264.493039	
111284.329558	113309.427909	115360.118565	116026.325058	120310.818634	
99400.604071	101148.032855	106801.611476	107088.187584	107325.989640	
102846.424313	103681.556644	105767.823341	105848.714306	106206.897593	
87091.586287	104980.920917	106776.618855	106809.253319	106955.087013	
94102.768547	96059.898436	97039.384371	100026.976669	101161.397253	
103254.041329	104549.598872	107049.452766	111339.639532	112731.908503	
106355.302089	110009.296177	111596.135856	113170.687215	113255.138440	
100578.757743	107403.055124	112279.424289	112587.096082	113344.870272	
86459.917436	89242.047642	93912.310410	94204.270861	95957.463445	
106186.643550	107453.823157	107933.380690	108569.372450	109704.539250	
102026.941185	102606.112478	102740.963671	109133.428713	110895.690276	
97611.693357	98932.877940	100123.443962	100526.926622	100937.370366	
111107.480924	112542.675536	114617.051814	115252.496711	116491.135751	
104360.470362	106134.649376	106324.065591	106550.497128	106563.727968	
91695.990626	97074.888274	99136.745661	99849.112516	102514.542563	
108468.334985	113675.319997	114979.127058	116894.921057	117012.113524	
96320.575793	101297.676073	103918.911552	104105.190304	104167.358083	
100699.512386	103098.003706	105643.732123	108370.346372	110208.388954	
100529.165136	103579.213195	104726.167821	106167.681343	107492.950756	
89133.439291	97144.463230	97897.483871	99839.687139	101187.402260	
101996.553394	109477.649522	111264.856546	112353.821404	112867.789892	
101583.155207	105121.820028	105218.068027	108583.142234	109485.579587	
93173.111486	98755.688745	99776.904977	105776.057647	106276.502479	
85723.229588	99329.052814	105860.795999	108551.223959	109605.313742	
93501.742007	105291.190673	105851.479733	106710.419318	107290.189677	
97586.395521	100519.710662	102216.395550	102389.937643	102456.358501	
87215.126032	101513.195063	102951.589955	103100.821104	103437.296341	
98627.198417	100949.690698	105057.492306	107033.322547	108162.225419	
105706.666668	107581.486326	108030.115244	109265.169354	112275.285899	
93146.422934	93814.021490	95363.976930	95638.594647	95828.641063	
110239.037636	110913.888025	115271.202825	116582.702317	116681.719844	
109586.917046	114029.490877	117887.467477	121486.334422	121570.391027	
88381.720104	90958.823475	102131.044670	102470.403603	105902.397343	
85515.288726	93753.750999	93786.043797	94277.366541	97234.838525	
96615.915993	100690.714480	101489.441275	105263.491314	106229.064921	
104986.695473	105375.485517	105548.472883	107124.466194	108036.914326	
102386.912202	104634.165441	108131.309034	109342.144651	109567.691724	
100214.255788	104456.466684	105437.441974	105512.943626	107298.775089	
109559.941319	112370.169296	113293.598897	114358.263492	115878.217631	
101894.169708	102575.601713	103940.463601	106711.377370	106982.251024	
79359.179290	94302.738731	95718.415429	95787.802370	96456.201388	
88452.870736	89110.533036	89622.015636	90090.441858	93637.189162	
94383.821766	95699.458302	101626.909277	104310.679140	106751.276956	
81972.951743	96167.828354	100351.330430	100554.376216	104131.241278	
100453.777090	114910.676737	116553.086089	118878.675679	119074.581848	
105940.322056	107458.640223	114412.394615	114677.250540	114817.497671	
94524.780551	97485.851424	97510.962684	101422.975066	102483.956720	
87842.852273	101546.324704	102975.709977	104703.175681	105521.933887	
93350.818875	97088.867686	101356.399393	103900.298375	105736.247772	
99934.950440	103013.858103	108308.763268	109004.482848	109300.731521	
95479.199599	107972.656264	108377.234548	109102.000768	109918.080841	
112085.564337	112098.088960	116097.141335	123793.784894	123933.284865	
110009.469730	110771.701746	111557.619983	112088.006140	113265.464926	
95735.855863	98865.531408	101268.060927	105988.083328	106335.495632	
102293.447313	102769.411159	102821.299131	105970.934432	105991.137627	
105998.414471	108550.627767	109325.286696	109816.444266	110234.249074	
89955.543864	92104.057322	96840.093495	97047.743503	99928.102562	
79867.240901	80627.301192	92355.986175	98902.828141	101426.716058	
105613.103168	107575.560629	109160.203207	110650.643457	110726.317687	
103392.519440	105291.746688	107017.369819	107629.940854	108007.510601	
101182.723430	101656.180341	102424.533964	105443.146236	107142.010011	
105520.080852	107337.912250	108022.724894	109301.322786	110808.184571	
97440.336435	97768.622597	101929.175234	104843.024133	105019.113864	
102875.206695	106216.559229	108290.530189	108491.602402	111831.388565	
94565.625314	95042.684770	98840.367184	101385.094629	102615.596601	
100099.648906	100803.967295	101225.816048	101491.003664	103020.887568	
109280.176678	113528.624029	114871.433370	116551.042821	121164.397319	
93534.875596	103837.619977	107721.339006	108602.211898	108917.972847	
100079.294435	100757.710269	101103.783042	102745.981566	104046.565478	
103639.652259	108221.423290	110646.617383	111171.025721	111859.016642	
102710.576043	103652.752010	105765.903991	106637.116489	107407.173056	
95943.093324	97796.292487	102506.289522	104097.952381	104145.668166	
97253.736064	101665.807116	102498.204258	105727.217119	108069.606295	
118917.837839	120304.136470	120960.727452	121534.232120	121704.339880	
100905.200721	107608.517673	112713.013913	114161.386561	114733.002279	
89099.565831	89698.002395	92382.005487	94419.155183	96421.942423	
95686.074081	101447.336672	105992.765008	106420.070024	106966.938465	
105276.195032	110885.471296	112544.229377	112925.896007	113068.564738	
100602.912606	110028.549268	111805.659569	113910.644691	115143.630508	
104795.396840	107113.996903	108636.210166	108860.959834	109352.763565	
93528.992650	99257.061152	100852.515261	101815.168199	102101.922519	
123105.492182	125416.796058	127686.799261	128970.535290	129536.417930	
103150.230825	107643.369264	107803.675515	109407.618649	109641.217219	
83600.546381	94884.405119	98606.955101	103845.433588	106594.467399	
107035.155315	108486.050926	111519.249597	112444.218170	113668.592987	
98016.802871	99042.197862	99329.575253	101409.402198	102180.466204	
95714.296532	96213.815890	96767.296113	98248.663740	99066.297307	
104385.209555	106227.278955	106318.351765	107271.588531	107684.795979	
94474.131444	99034.665691	99803.082407	100938.107938	102174.884282	
107513.464370	108080.388339	110343.080090	111001.944772	111995.016703	
107917.131437	111112.124927	115477.083302	115990.155185	116315.000606	
102429.092193	107978.071952	109953.636927	110236.071304	111223.685626	
99658.277939	100002.337913	103508.113318	104745.542524	104972.894496	
90232.076819	91815.356573	92344.361016	94759.107661	96284.662491	
111702.272656	112070.398283	112837.027913	113855.021191	115274.588627	
112419.137800	116472.160049	121604.028250	121805.328677	122144.214365	
109736.243407	113635.311184	118502.501971	120357.720930	121079.323383	
97336.668850	98270.322100	99377.825130	104106.571585	104298.853420	
107087.478910	107900.498614	110128.609916	110853.057689	112548.536558	
103930.057273	107714.019839	107994.913858	108134.430623	108564.276431	
95891.680389	100212.954930	101880.253258	102449.883747	103759.661986	
97294.876495	98383.284154	99852.667475	101048.859283	101641.074606	
95354.344245	100354.513296	105527.892372	107514.162581	107776.348071	
94580.848228	98031.205135	98561.969330	100006.668507	101279.685044	
107337.256817	107389.033729	109955.523202	110266.940976	113144.204989	
85953.067208	98703.803170	100863.961271	102180.167649	102291.938617	
100687.485246	101509.108990	103444.683016	104365.292948	109326.609251	
90860.179948	94597.092428	97306.323103	97752.333372	99458.496712	
93107.157707	101493.615776	103865.941457	104342.737666	107569.435969	
91815.356573	99162.777993	101113.841397	102553.260008	102617.258342	
95835.079350	99366.279729	106500.498771	107024.708723	107200.764689	
96372.349847	99760.641558	116833.473897	117881.971955	118540.726109	
100802.016275	104400.515345	105552.381839	106120.619246	107075.169563	
105981.454616	112622.601152	117195.500432	118985.026686	119942.641844	
99030.269798	100301.586747	100981.486017	105966.679038	107499.125480	
103982.855684	104245.081479	107595.004891	108591.837667	109183.787478	
90250.964803	90759.431687	93948.018474	100285.201720	102384.489023	
107560.632022	108598.021073	111108.473193	113439.954450	113722.833833	
112394.354726	114349.683375	117871.201125	119394.840457	119997.798534	
99653.554130	101936.004910	103589.501227	105584.473538	105728.710930	
97478.182709	100690.355994	101103.509350	102973.437731	105415.987872	
100163.798029	107589.584717	108625.318988	109790.086210	111207.426834	
100692.963633	103918.911552	111244.276037	112473.656430	115692.865215	
96629.271837	97892.243346	99124.943186	102664.776081	103871.385260	
89893.672744	100626.219119	101604.251850	103863.126081	105059.183197	
103068.573377	107612.238336	107654.724778	117557.878203	118049.652047	
95256.466301	103243.888398	103448.691711	103733.960706	103796.656280	
105899.054401	110114.813138	111701.302352	113182.582888	113558.362870	
95915.831059	104656.305634	106494.268773	107544.266290	107992.289819	
94293.104887	95667.709552	102239.719397	103418.892849	106598.103033	
85047.880545	96754.321884	97745.133087	99785.813044	99837.909767	
108758.540095	109554.299212	109799.221512	109922.432807	110856.422409	
99885.595396	101142.399008	101668.796274	102450.953874	103600.965496	
106529.016984	109953.555899	110122.418301	110981.602387	112578.448215	
95194.464336	107890.162899	109177.793763	111166.700134	112856.971979	
98306.878314	98896.050531	99076.904207	100738.690691	104233.109476	
103786.384719	103989.758081	104148.014021	106816.166517	108085.477555	
111210.275592	111911.219172	114151.999132	115183.132569	116740.017789	
92550.271527	102782.546415	108870.042520	110988.634123	112343.519830	
84321.475366	100459.456380	104566.499360	107838.616659	107915.340906	
104180.290831	109800.368424	109896.544887	110929.183526	112568.908323	
106153.542314	107646.135139	109637.252125	110518.030295	111773.371842	
95471.840129	98045.549993	104177.419038	104450.337486	105987.510310	
106113.048731	107175.408045	109752.874408	111954.290913	112546.960523	
94112.254237	97368.582780	99000.703868	100076.572337	105822.089920	
99136.111353	99490.774633	100306.224124	100314.934996	100503.706012	
97349.466546	100171.422120	100607.355241	102305.337550	103219.196541	
102544.179949	102991.871570	103290.490279	104214.167715	105819.416793	
93041.112776	103565.009297	112947.262654	115217.749484	115225.465829	
101719.630015	104775.069013	111743.957908	112243.018171	112492.380356	
93820.492229	101562.429946	102324.222045	104337.046243	106899.643059	
99099.513743	108361.813281	110900.411529	113309.427909	114689.444818	
91010.041615	99057.102080	101609.871440	102162.275540	102551.527823	
103685.642469	104182.659893	109982.414942	111565.611800	112915.255785	
87134.655638	107343.006398	110606.359864	112033.937668	112138.659466	
96398.279678	99905.295853	103098.690902	104338.586262	104378.063767	
99686.096159	100215.445326	102145.044584	104784.718944	109157.086025	
89832.373161	94109.915537	99649.560216	101352.560911	101609.533599	
96652.030802	104326.209099	104944.987563	106045.341400	106835.478812	
95320.256754	96815.873100	100589.832732	101509.733650	106118.329747	
99091.813089	107023.680833	107138.628062	107808.059089	108253.949083	
106036.664479	108981.015371	109962.722190	110810.551218	112917.622925	
108208.804031	110268.952740	111489.177564	111562.962500	115202.752358	
93480.421827	98741.893850	98814.215835	103919.666860	104278.483661	
107232.685032	107705.366988	109117.877789	109594.917496	111263.763682	
101082.998347	101672.199625	101854.004407	102389.352603	102466.586455	
106109.041484	109289.834335	114177.330592	114571.809711	116086.624653	
100676.778964	104332.015822	107381.985865	107876.786477	110791.066199	
115528.464886	117187.468737	117468.555988	118072.681165	118109.479907	
111102.243305	113753.881804	113777.826921	117409.828876	118542.918342	
103307.392400	109923.905044	110032.149109	110185.221445	110488.362645	
99504.665735	100149.245537	103344.638837	106365.349410	107194.643777	
106743.558798	108881.149608	109950.284057	111712.417206	111981.441267	
113274.362633	115755.097437	117416.257192	118487.481787	121525.762820	
101630.165874	103881.284013	107636.399872	108179.349882	112425.149563	
114589.883785	117559.994479	118943.058734	122189.832902	122322.622871	
105168.096806	117672.979428	117711.191468	117791.020872	117891.482340	
109173.077347	110581.631448	114340.882009	116078.547947	116187.942702	
94266.208385	94277.366541	94530.327748	94765.362035	97440.112250	
108186.366355	109811.915462	110900.676733	111310.787646	111719.503880	
92832.885492	93140.739123	97576.677789	98438.329225	99599.519710	
104837.487127	109196.772330	111793.018551	112101.223093	112169.168667	
100899.904275	101761.598731	106423.259384	107778.633691	111690.637607	
101772.102355	103325.045714	104242.589662	106291.447940	107087.283749	
97542.991060	98368.862577	101874.118160	102271.994107	103548.043434	
110370.706663	112454.212195	114116.469592	114282.627392	114981.296075	
98683.352650	100857.209753	102197.588700	104970.519630	105122.945737	
93289.871548	113031.970654	113874.467894	114701.885328	115297.047208	
103059.065468	105257.044205	106282.112886	107504.000411	108155.792033	
103846.303884	106129.482232	106560.520209	107443.764527	107845.136170	
98721.263034	101896.653686	104281.270839	104994.473475	106188.187793	
101965.160696	104407.299117	110980.305638	112674.879244	112711.188414	
104769.266075	105124.400533	107069.411110	107265.558330	107477.401369	
105474.461923	105936.866247	106593.568462	106850.272858	107615.494412	
89444.363332	98944.481323	101242.790277	101534.463864	105102.582232	
90456.947143	94399.967527	103058.261312	104760.374689	105523.076429	
103445.256447	106974.938514	107786.755105	108467.935119	109757.077148	
108399.378445	109774.122469	111699.560283	112301.585738	112922.896464	
104029.790589	106330.895896	108312.976873	110545.861863	112332.765095	
93357.020550	97253.736064	99399.289029	100357.998531	101245.530361	
108886.782689	109004.551345	111773.413128	117330.785844	119398.015094	
107507.739591	110038.811962	111139.191738	112159.769859	112948.609659	
100948.716805	103096.283601	106119.977938	109351.962552	109641.459324	
106891.096404	107061.355300	107540.763586	108265.558070	109090.487990	
97438.584666	101631.621021	101973.242069	102228.059734	103541.427217	
98901.698126	99302.214682	104265.893858	111692.126734	112349.623412	
90407.690859	91132.113588	93866.880011	94434.083786	95515.877852	
102374.748815	102560.181741	103091.587067	106214.254397	106778.940225	
91245.335622	96295.645370	96338.242225	97862.497997	98125.192602	
95226.526336	95969.773701	101161.910347	101185.574556	101210.110358	
100459.456380	101119.965791	105444.078807	106594.467399	107623.662593	
99993.532540	104405.097664	106661.121318	107116.735187	107851.810933	
97377.660488	110025.212777	111022.589324	111133.315575	111241.198253	
104114.824683	107218.952889	110389.672835	111841.111585	111943.321664	
95648.936557	100477.549154	101178.916232	101198.240942	102822.357209	
100039.351502	101078.118273	102755.046370	102877.550267	104209.276918	
97360.270857	98530.736400	105137.714547	106348.207044	108163.467745	
95228.562251	102426.810597	107915.999450	108645.253584	109264.662493	
108113.621686	109878.477266	111601.693600	112134.854787	113264.651298	
98633.943068	98877.556912	100256.057452	100653.706410	101300.791448	
98316.597190	98537.179509	100197.493331	101100.271657	101130.931234	
93534.875596	105496.396108	113282.925993	113290.678398	113495.888512	
103247.449797	104087.477204	111126.817321	115124.513740	116472.118129	
95299.883413	97237.275594	100369.722616	100918.255425	100920.258897	
99294.291074	99453.804123	99849.112516	102553.349693	103540.321394	
114681.792304	118174.728312	119145.384680	119304.673029	120620.602387	
104106.160489	108021.056440	111498.979506	112719.868500	113515.172099	
111041.882941	118957.542969	123386.779040	124080.001107	126531.803572	
91588.961138	103543.147000	112531.785068	112693.353179	112969.638235	
106939.339979	110689.849840	112530.454314	112563.950704	114704.465542	
94766.480546	106829.718783	106929.021304	107254.286499	107289.599880	
93012.146878	99720.976741	100252.921078	101007.256578	101824.019417	
89679.996696	90986.954641	91185.389014	98377.576914	98527.510256	
85475.133760	86063.223171	92071.417743	95208.992278	95813.020620	
110291.079321	111043.864754	113272.932430	115677.066447	117757.739395	
99637.519716	102675.017915	103958.910252	104101.101520	106648.431138	
87115.818578	91851.917321	91858.444932	92425.689806	92662.471930	
106057.377469	108763.360699	109227.724507	109356.243990	113753.130483	
106408.814399	109102.338983	109736.548446	109845.451002	110182.152518	
94104.154339	98351.718279	98755.688745	98822.801688	100746.859438	
87725.024951	108183.905344	110755.261672	115323.140805	116003.799756	
108925.649782	112891.328365	115545.866447	116034.437655	116052.613742	
90662.783507	97740.051508	99830.086036	100004.962208	100303.999492	
91047.291259	95010.060765	98169.163557	101648.066491	103114.271957	
108900.202751	110461.987234	114497.088046	115458.477554	117394.519685	
92548.952232	94330.746313	99202.817681	99530.333079	100642.722158	
95226.558274	98602.960579	101556.466926	104952.070254	105077.096677	
97762.398383	105579.315691	107005.590404	107161.121085	107714.960693	
112672.016237	118984.877237	121923.397803	122120.652871	124327.512240	
100291.270809	101832.902524	103650.087006	103781.822364	104536.485142	
101080.131673	101885.707539	102650.335694	102775.452666	104183.685341	
105086.198712	109650.775167	110745.190735	111430.152511	111933.017213	
100417.864277	102146.276979	104479.160816	106364.357789	106633.646565	
111385.966443	115578.584538	116438.024003	118298.470037	118484.411936	
97710.474177	99914.919366	106927.991652	107774.136630	110220.705449	
96904.363635	99063.431959	101188.427507	102135.368298	102982.808221	
88604.772871	97065.695259	98747.644631	101052.866513	101200.057544	
101979.160535	104243.052349	104276.952287	108068.200719	108570.819976	
113089.829339	113605.436824	116295.693776	117083.599402	117762.365783	
106459.700781	110034.297744	110872.153117	114121.359559	115860.951425	
96522.792362	100810.797494	101029.563360	101089.453528	102958.499727	
106139.404020	112964.853185	113001.268279	113100.891952	113404.677301	
107359.959578	108614.965732	110562.051270	112105.089896	112209.346736	
106245.666396	108689.730386	113471.131641	114688.627104	115969.767331	
95686.074081	97423.554034	103474.090458	109933.516923	111461.796200	
110877.113939	118006.325679	119101.787564	121658.460437	124556.203426	
98608.933457	100662.081484	101030.482359	101280.770292	104197.997677	
105558.677868	105706.759157	106563.727968	108582.103235	108810.195280	
99981.194231	111518.285388	112450.450194	119036.063280	119100.580523	
108987.532448	110325.907665	115462.636942	115514.267170	115524.186203	
96199.101162	100546.439467	104106.310100	106310.876020	107102.682849	
88340.074396	105737.307311	110126.426160	116645.549442	116938.548573	
93407.855617	94254.128863	96718.220435	97125.170025	99828.561595	
105557.131031	113549.236646	113603.958572	113627.621931	114122.052564	
93020.830322	94941.259002	100259.237606	100896.450103	101807.506397	
98897.135887	101606.574913	101741.250750	102386.912202	103811.621015	
92653.515562	95292.593302	97568.602314	98733.522311	98761.047883	
102740.164373	106889.684517	107182.318609	109100.533621	110750.877693	
111084.626436	119407.920403	120137.718111	121496.130916	121792.956292	
93725.582717	104690.369011	104742.187154	106839.168843	107639.847049	
100959.910518	103906.215911	105441.847142	106458.869963	107415.692821	
90973.268967	105751.017987	106506.318243	107884.219955	110295.649664	
108442.574646	114564.378812	116062.819335	116483.587932	117289.661099	
100244.295776	101242.636816	102548.947894	104052.360854	104278.376550	
105779.099185	107545.490047	108904.814550	109973.688813	111051.411082	
83892.507597	93265.359614	101842.755038	102544.902514	106139.404020	
100243.923042	104498.893799	105723.289232	106724.710739	106850.673370	
109775.551040	111437.103671	113862.065438	114187.006360	114500.578014	
108879.740013	111382.790376	112248.608836	113220.409720	114339.015300	
98331.708837	105523.660287	107074.476219	108006.447895	110114.696434	
110019.802782	110426.256872	110907.690473	110936.299412	111520.863861	
101316.848496	108006.870216	108471.323944	108772.257670	109181.830734	
114501.831562	115503.235631	115620.289480	116201.094063	117075.916788	
100611.395897	102214.159114	102414.772972	105107.482883	105491.841368	
97013.045614	108096.599339	112979.003379	113974.622503	114052.000406	
102462.636470	108641.382702	108678.213344	109347.186130	109846.979217	
104247.963503	104558.935758	106915.102789	107889.532392	111666.613514	
92722.891339	100661.220788	102109.279513	103504.209586	104684.879962	
92268.632118	93087.072160	97951.321598	98540.523537	98807.959608	
99772.742765	103991.331556	111999.768322	112527.542124	113308.064471	
93790.868347	94458.572125	94640.412540	94880.752903	95733.324265	
91447.654828	100123.269745	103131.376426	103940.962982	105586.440797	
107456.060515	110343.139427	110653.890551	111757.100098	111980.517281	
83019.306494	94669.707505	100737.993682	101152.640308	101732.437891	
104930.576188	107665.943379	113538.187430	113968.700872	114717.237203	
96590.127665	100569.042896	103335.944572	104620.170443	104685.541775	
96428.906234	99966.546482	106126.844600	106432.289667	108265.776579	
95919.595278	104469.658282	106152.248286	108741.743667	110728.112466	
95558.018476	103450.841508	104706.239339	104993.847871	105938.615326	
99778.246501	101177.643626	102621.657974	103275.358391	106918.654546	
101944.867961	102518.346150	103768.589853	104839.364799	105809.909116	
106485.013816	107034.183008	114366.570504	114562.594149	114588.548215	
107073.585772	112556.626861	114167.986967	117103.918799	120152.213408	
98272.700926	109916.375960	110000.487312	111784.143210	112566.594465	
95890.677961	95971.007652	101618.067219	104356.897704	104819.928933	
101350.315039	105088.112133	105199.970456	106490.803589	106685.111437	
95383.585084	108885.296100	109847.676245	110617.418260	111257.949619	
91932.809007	103774.074793	106147.745924	109648.780837	110056.730885	
98340.952613	100028.241926	111976.826954	112118.142627	112287.934570	
101836.586587	103145.381935	106161.347438	107279.538484	109119.463412	
94160.930847	102516.631241	108262.339381	109369.574023	109861.260758	
106249.821995	110707.562570	116853.230051	117137.629122	117706.738044	
96825.212951	104326.106837	108607.108942	109313.737862	110061.483616	
96351.214217	101161.271840	103139.606398	104019.257635	104504.185630	
102309.066824	105108.089411	112373.312557	114478.265943	114932.717028	
102831.085972	107852.189649	110739.528823	112324.955716	112898.652389	
103276.469737	107499.935882	107972.682118	109501.226362	110750.378004	
97031.256141	97121.569775	101008.282874	102360.278353	105375.005259	
108946.388387	110802.206051	112741.167509	114002.611886	114280.418163	
89295.985986	99196.134961	99297.720054	100604.601326	101280.883173	
96383.813119	98868.590328	100763.791077	102115.452634	102411.992190	
106583.694697	110844.812424	111546.377354	111627.840285	111855.681565	
112673.980631	115409.276304	115787.985504	116241.116107	119094.342886	
92574.750832	101911.567330	103023.232218	103815.187836	105374.062936	
108702.279055	109470.960220	109741.148484	113325.728996	114781.131822	
96270.010799	100170.420830	103373.768520	105597.479433	109979.108613	
96899.095708	102045.886195	109011.528979	109319.858506	111446.242428	
103354.922699	105189.001610	107403.857134	107704.191895	109006.038139	
87251.548326	92730.371039	95810.050973	98223.323130	99304.683103	
100347.839163	102973.134000	103354.293645	103917.213318	104162.584330	
86965.616246	94132.076625	96803.206593	101646.295215	102768.283689	
105170.410007	110048.337255	110165.521924	110231.078003	110392.463803	
101080.131673	101379.460456	102394.061851	105465.275950	108062.005766	
100092.919393	101665.647599	102616.328512	103433.734456	103977.439207	
94768.297802	96817.182380	100946.516811	102625.259387	102744.903914	
100146.025473	105011.954595	107253.296783	109026.368791	109475.880979	
104116.704445	107664.296949	109103.755321	110640.945873	110797.560683	
102072.915012	112667.127686	113143.567627	114537.157319	115043.293830	
90963.179756	96172.934978	103301.903715	105449.393701	106650.101242	
95842.909021	100899.555958	103176.268487	103317.013035	103670.850273	
101179.590481	101379.829819	101934.447200	102456.013848	105086.595320	
92379.265124	97222.906567	98174.461133	100019.334935	100623.037620	
93446.917171	97118.864165	101682.173167	109686.662551	109839.915580	
83021.437332	98047.423104	103101.779315	104546.532468	106247.866583	
92136.038167	94906.413682	95758.217228	96080.257156	97377.660488	
90006.031468	92783.416950	96815.873100	99591.960212	100974.023872	
98718.572386	101045.126289	102042.750851	108235.803304	109014.113677	
86498.983785	99779.479147	100132.486465	100244.295776	100947.955592	
102435.631319	103668.652264	106938.263209	108382.977872	109328.318570	
116697.991313	116763.896485	118462.277153	119135.389729	120411.400874	
101513.610856	102096.163872	102133.091795	102562.156181	106705.471162	
99866.747877	101939.637894	103188.295015	107725.296217	107808.462586	
102440.931912	102631.283923	103845.920325	104049.596598	106344.016203	
105250.579269	108787.769053	109224.908859	109992.277702	110366.316619	
113615.906319	114054.003476	116267.390082	117163.241634	117499.474612	
92014.829107	99637.519716	101398.115462	105091.615291	108082.279791	
100470.294431	100570.527525	104645.689192	105970.934432	108136.874901	
89253.925987	99429.705005	100414.828269	103269.291831	105381.239075	
106824.859929	111826.864203	112446.665839	112569.447520	114370.404836	
97243.673438	122952.816027	125175.890697	128486.324676	129701.048504	
105121.859337	108220.302110	112379.372157	113111.982076	114732.808166	
109502.432848	111563.380414	111907.342292	112126.376088	112304.723841	
101938.175030	109475.084096	109550.260924	110023.192342	111353.456757	
111403.209559	112825.362575	116285.265056	119046.822349	121538.032160	
102404.059902	102984.417559	105057.226619	106104.902996	106357.922710	
105745.590003	112637.432340	112797.800206	112907.522955	117612.627258	
91566.929401	101243.787064	105858.675167	108222.127599	110140.624848	
100225.274292	101292.522380	102043.671501	102751.070181	103016.940789	
99701.777787	106506.353762	110069.472377	110422.619097	112377.963643	
93970.397990	109803.528699	111210.181386	111263.565617	113196.550445	
106141.103289	108446.974477	110677.531703	110835.755128	111638.496095	
96129.741382	100074.579410	103096.524267	106275.555895	109429.536143	
104475.997672	107343.104448	107455.318616	108990.272780	109063.122690	
94118.749240	104981.151402	107021.819944	109927.746995	110222.433486	
102995.290347	110175.043441	110219.529361	110713.565352	111314.873110	
93318.251913	93884.646927	94104.018868	98208.230732	102596.806912	
108266.810386	109685.179819	110166.805859	110284.016783	110918.818746	
95186.060572	105432.786673	110018.765101	110216.564462	111377.084866	
106353.548556	112244.367153	113653.814768	114863.524746	115358.893138	
101952.286128	106613.049313	106617.772625	107128.022180	108609.859884	
95748.988332	96379.165068	100229.098397	100389.738585	101006.161148	
95714.594449	102229.061267	105071.306791	107228.053673	107916.555516	
100216.109879	103059.065468	104082.606989	106699.865061	107477.457845	
97807.209071	99931.014422	102693.133490	105954.070557	107447.288561	
99244.772274	99626.458301	100668.445133	100709.269211	102533.884750	
96274.750662	99083.016790	99809.441419	100257.151761	112756.415158	
93699.385146	99465.025959	101562.943624	102651.043927	103055.339401	
100914.787223	102355.271157	102409.686088	102706.307375	102846.450637	
107173.183633	107655.205977	109100.035461	109198.143736	109309.556543	
108194.389749	114716.042342	116520.874908	116944.596114	117985.801163	
98257.075130	107220.735978	107507.914319	110348.729127	112024.760332	
93415.283448	94243.622719	94877.279919	97837.899191	97958.544969	
96455.330158	99944.294265	99971.167380	100914.787223	102278.507506	
97354.058374	103676.814108	105616.108174	105946.025690	106853.440740	
101436.441126	101467.272467	103325.222293	106374.030307	106836.677641	
99533.075763	105912.775144	108046.199899	108523.913078	108868.400602	
108054.703964	109132.682429	109748.868295	110984.266247	112100.189055	
109842.666686	111806.705506	112097.329401	113262.919879	113457.296997	
99314.529436	105540.768873	105973.143884	106929.489882	108691.139073	
103802.398260	107344.466367	108282.652478	110091.257928	110775.720855	
100149.060237	104618.755206	105179.663434	105490.282238	105820.223291	
96642.925148	100578.608550	101290.260281	102671.865651	103046.728309	
107205.323029	108419.248302	109195.734870	112639.644176	112916.556301	
75160.116344	84526.705881	87495.008986	94699.137847	96791.706545	
91217.958851	98482.742439	101983.593389	103676.380993	105645.468101	
107124.466194	109902.725429	112480.399515	113042.207404	115294.545112	
103154.424374	103745.777088	103815.729709	109779.797010	110596.298705	
110066.038768	112067.785666	114120.316407	114710.847340	115627.943941	
104129.579013	104940.583674	106510.549752	108497.063811	108754.960600	
95475.403818	96494.661436	97656.264316	99250.930308	101388.098861	
88602.049419	95253.758717	96413.647447	97245.372972	99264.537751	
106196.312676	106996.505747	108101.650859	111075.864811	111121.747428	
95791.721198	102274.054229	104012.611188	104243.376231	104904.922224	
83019.306494	98677.797751	103863.715290	104081.887666	104955.155589	
93715.259121	103424.356783	105262.832519	110132.402164	112042.082856	
100750.131598	101657.435395	102270.792264	106000.115048	106226.470750	
95653.105843	101302.010997	103575.738388	104293.193995	104761.600100	
99872.608891	101072.624624	105285.533840	105718.563129	106090.213405	
98226.859372	98547.032971	103155.553413	106951.796221	109175.923336	
95786.723038	106635.832639	110168.293115	110609.605182	110817.751310	
93289.000838	93715.259121	95075.448550	96713.890092	99378.018761	
95102.785056	101331.209193	101675.979074	102706.307375	103691.717741	
95617.586357	99218.663583	107601.078087	108173.322357	109646.701748	
87741.568278	91480.464034	93672.959716	94010.448522	94241.889158	
110205.128051	112250.173455	116192.749398	118151.219756	119679.553072	
107997.742473	109329.644047	110229.594730	112066.609637	112986.193501	
101362.342471	107772.754451	110792.133806	112614.455180	112798.950097	
96856.824749	100163.952912	100435.671941	102609.604319	104149.750056	
92170.839384	100456.870727	104248.058527	108586.696904	108984.030086	
101806.384358	104180.932446	104652.069268	107150.880561	108390.135153	
93206.638023	95760.045246	98962.233618	104112.628348	104616.432732	
101719.630015	108125.056887	110237.739447	110624.261097	111134.708583	
101916.788023	103112.437025	103403.902355	106791.853963	108928.479124	
99800.332756	101906.518719	104088.976052	104856.425260	104956.402383	
96452.676383	102860.370649	103497.092004	104717.344945	105147.148702	
93082.883955	95313.802579	96064.662655	96421.942423	96887.072967	
96494.661436	96709.071997	96932.131430	98377.640435	101499.400558	
104607.007903	111828.684496	111855.773957	111873.893544	114608.575204	
92268.845777	92382.005487	95936.881455	97197.873996	97959.486376	
98663.521221	110846.008953	112287.909657	112602.430868	114845.807621	
100359.713770	102387.338232	103318.852657	104761.037285	105202.884145	
108925.382981	109216.189217	110010.272650	110184.109092	113487.941338	
105243.454255	107103.977735	108249.663434	108738.716003	109231.335289	
91305.830241	100216.483965	102838.288338	107185.502859	109453.829901	
103367.317791	113527.583516	113866.015701	114570.889943	114624.852598	
101208.465980	103129.588355	104584.332413	105302.153455	107897.449460	
94463.562279	103100.821104	103279.443139	103883.466860	104862.461448	
101146.404422	105005.856093	106810.545559	107704.991323	108954.729224	
98969.830933	104821.400167	107003.304378	108055.789173	108306.969384	
90214.264971	95099.554525	102068.512444	102103.268244	102864.236567	
98978.512383	99803.341649	101244.008849	101556.683008	101727.677953	
84314.997399	88755.454295	92221.440362	93142.730488	94610.884805	
97096.593500	97410.333381	100449.294105	103103.633595	103893.911003	
99093.088796	102255.896835	103941.103675	108568.510507	109821.825104	
94639.441876	102556.436837	106343.193521	108037.357079	108758.954060	
103916.884890	108602.827943	110582.183581	111620.975784	111831.333448	
102908.388488	103414.511121	104853.938616	107482.065173	108653.474355	
101639.356300	102147.268060	104325.313256	107333.954341	107730.255972	
92096.982812	98816.847442	103121.103442	106850.045367	107058.302286	
105653.604864	105793.870455	107348.005298	108736.508293	110344.810153	
107711.318660	109973.327222	110577.239568	111768.974848	113482.259344	
100319.557746	102534.201523	104051.118450	107320.766968	108764.897910	
