92825.099184	101712.487359	103582.861116	104854.680730	106832.194677	
111832.779495	112643.271940	113440.455298	116357.830187	116738.340387	
97127.842100	101036.103309	101967.044684	102710.870574	104474.012932	
94090.273400	96997.933202	99973.066602	103130.523167	104455.687449	
95029.234758	96891.017290	98551.115560	98837.541629	98910.016917	
94365.867882	104398.769155	106759.782030	106801.005461	107817.615616	
100509.573175	106433.789306	107164.071507	107980.986337	108492.417587	
105583.363625	106948.543816	109193.667928	109394.049985	111802.735509	
105048.289357	108418.673872	109242.228145	111462.669762	111736.271829	
102885.766610	105756.040588	105936.064629	106492.459628	107241.161958	
104664.203098	106356.613828	108109.554597	108747.746832	109196.349263	
98716.317729	99684.204938	101916.454034	102016.348001	103033.513819	
105976.546418	106191.301972	109373.168181	109475.585352	110512.130757	
99952.306091	103954.063156	104414.664267	105245.424303	105566.245909	
90806.335717	103174.470659	104066.837678	105890.907875	106534.898549	
98144.394063	99426.359733	101405.004710	101841.599487	102686.360227	
117872.796447	120104.859137	120321.413569	120535.451982	120617.925787	
108562.990334	109865.637158	110078.523916	111858.420061	113038.694014	
99867.367050	102452.553419	102553.422530	103826.256237	104154.763522	
103653.648124	108796.861186	110053.126698	111790.620350	112971.030796	
99875.960385	103190.088403	103754.002396	105806.848487	105981.602818	
93244.130210	95952.022228	105713.226383	108420.680699	108533.232464	
101631.182200	106600.626852	106846.825915	107482.878290	107602.594795	
88480.921385	90080.196524	91164.805322	92146.686284	93363.074138	
102773.589917	104965.806804	105501.655674	108432.709751	110873.344388	
98543.545932	107970.224801	112808.496278	114170.440110	114577.623614	
107434.228100	108465.619014	109989.779547	110462.986931	110796.697165	
109433.387932	109472.724698	110510.472309	113722.512329	113763.647459	
105430.737536	108733.080547	111677.912942	111685.707807	112289.807484	
93987.310592	99053.424482	108370.504461	109241.271759	109620.338962	
95942.457071	103217.619486	104371.537085	108124.410092	108136.632205	
105962.224507	107048.447841	109425.934268	112606.647609	112831.372476	
95136.933000	97986.346522	103934.433317	106237.510633	108200.147962	
96375.043876	100988.978260	105814.461724	106026.526778	106226.809160	
98554.051607	109376.133923	109903.608844	114126.647331	114439.024680	
107154.412070	109286.514497	111024.119446	113262.500835	114454.924883	
99697.348232	101266.104163	102509.750124	102961.833568	103013.382974	
114346.949939	116551.947769	117461.183403	119565.198082	121878.826944	
99253.853963	99329.575253	100188.633700	104223.768585	104800.221565	
96545.368566	97380.477387	99511.135475	101347.963012	101466.315397	
93946.244069	98604.563395	104025.411494	104963.607649	106720.251406	
94467.768759	94718.111654	100062.185576	103687.360757	109214.038651	
94621.210575	95623.520757	95995.005200	104807.760118	105319.795696	
85353.140935	95889.073692	96331.662229	100056.459273	103385.527343	
98834.876220	98953.163432	102746.038194	104321.257185	104504.454540	
111274.116080	111619.344974	112641.203571	113632.928993	114211.820083	
97022.612964	98600.776526	102916.413009	104099.811457	105014.406007	
89778.012527	108282.814251	108909.556808	110342.157674	110587.303337	
96814.114615	101405.470491	105761.451672	108005.225565	108959.484671	
97484.644967	98588.682160	99330.264171	100034.444841	100123.269745	
85121.295369	87827.914957	98673.905833	99137.772483	101090.080280	
106264.569930	106580.380396	107982.154914	108180.330411	108961.105672	
102427.418040	103527.828851	107378.255344	107496.105079	108833.881496	
106257.982449	116195.874650	117809.664872	119798.645337	120434.181004	
115918.738134	116015.816676	118753.267397	119039.657761	119089.583964	
97289.841677	97449.160160	101533.210221	102777.619304	103543.013597	
114545.845336	115200.165575	116770.803293	117221.171784	117438.888367	
111524.898324	111641.842562	113691.501852	115878.291686	117537.257688	
85470.778765	98105.647348	101496.843980	101515.816399	103297.631230	
99748.088719	102697.642252	108525.200691	109320.563506	109426.055581	
90916.464454	92767.356000	95884.647866	96325.029354	97440.612099	
94419.155183	95440.095072	96153.510723	97723.195800	100038.352272	
99041.337412	102576.840912	105967.258901	106672.473010	107992.679343	
117712.833570	118416.837787	118660.843532	120316.102503	120984.364079	
98427.909468	99483.329038	101695.163745	103654.322934	106177.340866	
87635.567886	98030.182424	98249.864744	101101.504246	102062.563452	
100453.777090	102295.780120	105457.188705	106465.853045	107366.396441	
95112.707254	103453.829200	103786.785020	105118.517076	106963.675397	
91532.797105	103664.859988	104134.204497	105969.624706	106219.999607	
97023.958457	100772.480869	101276.728484	105123.075518	107166.817713	
102058.718630	102950.179154	103507.637261	109267.034161	112477.560898	
105580.484599	107869.926520	108225.917144	108278.860465	109065.087324	
111407.237686	112295.008686	116209.805877	116496.536754	116682.265879	
100486.827448	105486.890050	105818.319050	107704.319912	109222.651189	
92713.578475	102396.686242	102644.552641	110076.163837	111570.499899	
83421.028005	97169.528233	98543.815353	101111.846125	102090.243907	
87333.050811	98930.621083	99274.929436	104399.426588	105897.239156	
102131.216141	105301.835609	105544.656873	106935.082994	109443.200820	
100865.165174	104086.412148	105529.644212	106422.728010	108041.448570	
105028.545151	108250.333897	111863.914208	113376.013469	114091.340716	
98385.034913	105311.454828	110091.507936	111746.567945	112637.078251	
99282.893033	100017.957398	101304.610034	104408.965188	104774.784142	
93824.442021	96076.766494	97205.391813	98715.180021	99051.925611	
92253.668617	97283.514851	100086.258819	100645.414970	100730.120930	
100931.340346	105410.812844	106659.648540	107343.282961	107902.616738	
101804.120307	102880.359416	104461.126465	104512.444280	104669.351568	
94768.256561	98706.969162	99453.072587	103122.503092	103642.084270	
102935.703656	103906.287322	104834.979781	105181.750040	105358.610378	
101864.627846	103614.838626	105238.354548	106590.156845	106990.275019	
103055.339401	104113.548937	104243.261150	105262.982976	107631.072138	
101134.937670	102289.665163	107103.686061	109035.104323	109903.490216	
99849.316246	106045.341400	110378.219072	111238.657077	111338.728681	
106222.784421	117039.966580	122995.379048	123943.489283	124244.668183	
112571.766552	112846.372138	113746.978485	114226.561771	117308.164026	
98220.870451	102071.136612	103574.511174	104366.447796	105336.034617	
99252.957418	102209.160924	102809.529220	103919.497265	104092.586992	
97251.006669	99121.859763	102683.833460	104867.512517	105672.935477	
93814.021490	94198.926153	97329.216678	99292.434824	99406.518575	
95474.758770	98473.079673	100604.555097	106299.065719	106300.952883	
89448.677439	98482.684830	99886.985544	100563.320934	103575.141134	
102577.474093	112758.408517	113016.968546	113346.757597	113694.927893	
90419.736231	96632.679368	101424.632032	107105.578597	109368.656686	
102112.774232	110068.198234	111069.360245	111259.306257	111512.327381	
94743.082732	101635.458819	101738.456954	102116.053276	103595.011789	
93126.828592	94741.935623	101159.606097	101510.012223	102105.676378	
101266.858271	102827.647262	111567.090490	112652.199753	113212.483543	
102857.862363	103732.628934	104505.191966	104562.236451	105471.985979	
106510.854784	107155.858652	108248.344297	109443.087255	111664.372570	
103056.058383	108189.477774	114150.833546	114467.912501	115987.873012	
104536.822542	104676.640361	105266.003114	107779.780917	107841.579564	
109579.085121	110884.783728	111024.853574	114403.026267	114519.057631	
101129.256379	104117.914254	106638.416475	106800.124523	106821.273063	
95451.490145	95859.971899	96555.750162	100242.251186	102651.298832	
116545.728250	118007.110570	122774.800993	122784.270866	123455.512689	
92711.474926	93258.967919	95901.125722	97424.994698	98218.273663	
101882.506157	103983.520157	109005.195064	110592.203240	111320.552866	
94491.306800	100513.301759	103175.597041	104006.756350	104880.936934	
108460.038565	113407.118808	114291.702263	117922.425890	118767.971199	
93111.880226	95205.421600	98126.670794	100939.672983	104078.219102	
102282.387714	102739.313879	102740.932818	103443.383898	105199.896420	
93563.022677	94383.821766	97056.670977	98615.616943	101452.379150	
93520.067520	103563.390948	104691.340837	104927.822457	107989.876263	
101629.180737	102608.651946	103204.248905	106132.270822	106490.720876	
107047.029968	111256.052815	112546.979718	112795.701462	113011.446902	
98044.226023	102608.273563	104226.736772	104487.222289	107694.415854	
97602.463008	100420.427711	102119.753091	103061.291793	104060.011325	
93869.009696	95703.808455	98561.766379	101294.101067	101633.760595	
105108.089411	105419.381038	105580.929887	109325.522927	109872.310460	
86985.956064	99185.895484	100642.722158	101277.466330	102845.739453	
106116.501901	106381.799582	106408.129169	107538.193101	108411.333460	
102562.090905	104294.023224	110386.193390	110677.846263	110878.814386	
96498.914648	100493.629148	102394.735815	102945.805835	103970.732983	
100836.395493	104085.906445	104162.584330	104679.256071	105092.186288	
96489.418863	98764.569608	105172.955389	105693.935620	106795.967807	
109990.101259	110202.095167	113117.087357	113294.256448	113455.598152	
102735.059136	104085.906445	109641.299852	110689.600934	114686.555914	
108928.426007	109530.046876	109778.012778	112685.199015	114027.060762	
105910.067865	106686.552387	107690.355751	108056.746243	109728.808850	
97702.516824	103344.381701	103753.288642	105412.327713	107889.521949	
95238.464168	100817.742168	102293.128471	103947.558442	104319.299238	
105032.774864	105557.896463	111322.104561	111465.893469	112483.944840	
101302.684787	103761.754184	106945.876622	107104.459343	107165.267150	
94578.655655	97529.423361	102076.923810	102219.165779	102354.402186	
99222.423009	99223.018793	101775.567080	101871.865886	102315.837772	
100342.224040	102594.521666	104779.862454	104872.592107	105407.011848	
98861.406274	104617.636419	105111.425816	107869.493922	108387.687961	
88839.165803	94267.884347	96027.802632	96863.504053	104353.446632	
98024.480204	102059.363583	103860.011183	104244.242556	105895.431517	
88967.466516	93493.499391	95352.179471	95904.694168	95998.025245	
94520.983921	102929.538081	109193.074696	111008.854228	112736.722688	
90937.248114	95582.027189	97448.823092	99857.565899	101365.032866	
90481.123275	104243.102212	107944.619809	108504.578860	110161.600211	
104938.437762	105313.537528	108600.973861	108638.813447	108824.314887	
105311.319461	106147.745924	106860.914039	108532.886519	110944.384873	
109951.438865	115212.192906	115837.213624	115886.935970	116892.855240	
95358.694583	95940.590474	99468.321770	99584.579406	101336.528361	
104405.423441	109333.238163	110674.492622	111666.702973	112287.976546	
121887.445231	125334.514390	128932.516487	129402.860105	129752.301519	
103866.960194	107648.285851	108415.185329	113994.326164	114849.062237	
106173.813247	106319.089100	106854.532011	107312.091422	108673.581819	
107943.201339	108852.710679	109367.662295	109787.763863	110124.908464	
102503.380728	103028.052023	103701.859479	104752.445058	104776.478927	
93073.711133	97449.561173	99579.034510	104281.318524	105006.126115	
97239.848835	100696.320590	102291.522825	103993.378296	104175.558532	
95959.212836	104567.648751	109055.507713	109768.800386	110631.597108	
108597.912339	112122.284532	114181.491625	114548.882350	117421.813734	
108663.449029	112514.310249	112537.706288	114125.639722	116665.236161	
97402.485558	103470.789842	105554.205529	105721.301679	105756.806385	
101655.321685	105299.848174	106138.801361	106427.869745	107758.883261	
88924.452423	93880.955708	95538.904586	96545.206026	97306.323103	
92454.661975	94002.640321	96534.529536	97603.806525	98669.531783	
92175.902536	101125.049715	102329.598779	103700.546516	103985.039044	
97962.686667	98232.928503	98638.455036	101659.718732	102562.722358	
100100.188359	101944.726276	104612.965768	106649.825355	107121.171402	
100953.946004	104757.347165	104773.364077	105871.735918	107820.665075	
102076.768496	111983.504399	112310.141697	113360.113863	115104.492478	
103700.546516	103836.128363	107038.188258	107859.869092	109508.022469	
96770.614494	104889.988750	106018.480460	109860.769238	110882.705986	
104730.976499	104866.416528	106665.202161	107099.714181	107619.373340	
98461.751964	99845.670595	99906.396272	102348.643518	104220.527622	
119379.659321	119639.995767	119999.825409	120421.194917	121129.965294	
95622.729227	102793.112930	103974.124624	104626.534503	105364.786174	
102636.723040	106738.014917	112839.587703	112923.616171	113574.624262	
98578.963734	98614.670356	104379.566405	104659.773050	106818.267083	
104592.636765	108846.025148	109334.719836	117194.054810	117403.085185	
101009.252575	105060.664711	107038.240409	107211.354269	108517.091326	
104750.225286	106686.295161	107564.982168	108208.959586	109948.894387	
91750.768261	96253.785305	102460.908678	105537.763007	106641.878711	
100920.391655	103589.190706	105649.764602	108493.271888	109190.918698	
111829.116627	115102.974372	117296.262524	120101.796677	121673.650130	
101883.114446	109085.831313	111204.190517	111666.605626	112496.791992	
97160.548503	102187.401874	106351.488143	107866.346330	108101.072760	
101220.099254	103317.924977	108868.574782	110267.784035	112325.569424	
116211.579522	118229.796744	119060.586123	119313.527853	119724.226692	
107885.028700	112878.631513	112962.504218	114966.085281	115842.473471	
102762.760204	102984.103155	104843.455035	104932.196758	107092.013192	
106349.998767	108978.737987	114292.465993	117158.568144	118113.246564	
106774.674685	108392.953836	109665.376258	110128.840839	113459.591309	
113450.726549	113746.483006	117027.475622	117123.919309	119389.646150	
110539.472771	115630.033341	117950.156121	119888.996130	120954.694785	
121726.970072	122032.255329	122307.409880	122940.463931	123899.572087	
102553.648138	102796.134798	105591.332569	106539.020602	109246.652826	
102687.421181	108971.300639	109664.649155	110496.855857	111302.591137	
99837.750712	102837.228948	108715.716037	109878.120421	110528.275280	
102758.493367	104858.261342	105049.167414	107466.693449	107678.243631	
104681.820592	106049.720126	107103.184109	107385.714250	107918.923879	
98333.065563	100729.863603	102225.901799	103546.556539	105266.550871	
90116.031152	92954.210163	95112.499252	95279.901272	97360.270857	
98978.512383	99282.341469	101037.878436	101482.089365	102202.183141	
97546.300569	97560.228221	102192.238822	103025.838326	103915.981133	
83853.769380	95173.169627	95914.602489	96875.119611	98176.711481	
99503.027266	107447.288561	108128.455710	109262.767410	110031.836918	
109547.355216	116650.106149	117024.794068	118317.026212	119536.115039	
103095.624610	103967.524276	105048.644131	107039.865726	107998.705747	
98174.078399	112936.295773	115161.521968	116769.921325	117840.264948	
94719.741147	104116.664903	104418.596495	107059.926034	107737.338139	
94059.962761	105315.187089	106120.057325	106542.861361	107429.901795	
109523.719061	111981.497962	115837.094412	118790.270692	119370.979980	
92557.486587	94798.456883	96109.277068	99455.012986	99810.078130	
105203.511601	107644.587449	108325.771798	109369.934649	112054.933341	
93470.979825	95878.996065	100152.737726	100485.377584	100607.355241	
102480.762410	102921.713270	104240.868734	105806.743169	107479.305635	
100500.968642	105913.880717	108493.483474	108938.148945	112774.733097	
104056.381341	105042.420102	105620.101686	105713.575867	110490.858745	
97140.721691	97540.738199	100041.760841	100270.991118	103177.687387	
114130.975401	114517.321738	115817.184601	119655.685994	119709.790414	
100713.930895	109605.120541	109690.988766	112146.115394	113363.466970	
112038.289296	112572.132452	113028.819825	113457.235913	113993.761231	
101063.531580	103566.489070	107896.146279	109798.607622	111129.812153	
87998.874015	100366.402150	101580.214466	102136.884258	104907.258593	
106311.852841	107989.985513	108935.891738	109148.897539	110684.365791	
92568.530169	94178.585586	97819.183458	98099.319380	98593.916642	
95558.986285	102278.139400	102470.624969	104019.517083	105827.760264	
111647.559062	116236.481044	117400.459079	118097.630216	122536.937197	
106003.477537	106697.322671	108909.578003	110269.391693	110457.993824	
108299.584016	109003.815239	109909.570989	110285.411829	112530.776742	
102943.132126	106995.883845	109261.218362	111153.505577	111503.964482	
93308.448531	104148.290709	106136.475693	108513.517498	111036.613385	
91816.871061	92925.934461	97424.994698	98199.939293	99441.828141	
99711.070806	107057.500110	109746.912900	112381.956738	113176.575392	
91777.127443	98584.928249	99504.325259	99644.550964	100608.384620	
99483.257276	99535.475705	103429.469439	105961.282855	107313.876740	
100591.300847	102487.521898	107590.477346	107802.592321	108341.082962	
82866.471002	91673.823584	97330.555457	97985.458496	99204.908000	
83878.961249	100308.697727	102805.613807	103178.784420	103492.564391	
110367.243179	111195.172616	111458.299635	113459.314580	114656.582517	
101955.638395	106554.521080	109077.265316	111329.068250	111586.496039	
91087.940850	91297.745620	101682.692091	101701.335012	101859.189400	
100332.328464	103172.767708	104164.557403	108558.989945	108585.006946	
93117.344309	103632.748581	105536.136299	106049.932611	106622.559147	
105141.143685	106863.914010	109148.966616	112405.966402	113471.945552	
85556.146605	90512.836344	99406.076520	99524.330788	99559.893842	
82899.157419	98733.895667	103860.717316	106781.127731	108954.729224	
90486.283381	93429.261109	96342.554447	100074.579410	101662.561010	
94801.067807	108970.076912	114410.198508	118272.981996	119689.501212	
101891.692875	102751.550629	104153.036456	104579.508364	106361.776675	
93589.037762	94289.085575	99258.704616	99524.330788	100461.128350	
102671.315483	102727.393662	103408.944592	106233.360517	109328.887527	
85447.171083	101055.068674	103671.430214	104928.680198	104977.595913	
118267.055572	118807.048313	120556.285600	120794.755589	121597.089651	
99978.238258	100532.702029	102272.472938	103293.523729	105365.140512	
109231.768677	111136.464115	116236.962815	117450.574949	117704.008147	
86013.500498	92120.674609	94506.472398	95380.753947	96709.071997	
93271.706828	96125.095124	98272.956100	98753.941000	98788.840627	
97181.432167	97948.919087	99342.469577	103693.048853	104137.804592	
107934.803370	108552.249647	109549.289918	110020.439554	110123.684066	
88407.692036	97152.389660	97540.588101	101937.857479	102961.053087	
93641.828694	94203.062977	98290.612712	102054.790457	102816.602264	
105797.425527	112491.552885	113727.645127	114785.526801	115369.992204	
112668.304199	116785.270216	118129.939196	119474.935630	120005.930348	
92895.421666	98730.725327	99038.620803	106478.870518	107117.913121	
90666.397595	99790.045487	101512.739343	101840.517941	103217.706243	
89901.350095	95490.975928	99069.661978	101448.099941	102385.309137	
90734.302732	97533.108432	97614.515890	98422.689824	100096.900283	
97609.412103	103182.421602	105258.451778	107724.615019	108275.429463	
103966.837515	113483.824824	113587.426259	114595.929732	115276.643400	
100485.401289	100983.635061	107355.746617	108448.192919	109200.905171	
102937.157724	106315.465022	107466.800450	108158.266176	108484.204911	
94725.536432	100707.296697	101551.675826	102616.059408	102792.632761	
103533.148250	107733.674860	109994.951532	112160.009501	113298.119220	
101250.149537	105387.585199	106195.718524	106342.315016	107160.943097	
100489.093082	104933.556426	106974.303392	109721.291502	109935.113830	
97429.599611	101440.281523	101947.629252	102546.524154	103615.487155	
105656.644772	105803.559779	107618.442979	108621.683883	108642.014254	
103176.133477	106215.727069	106659.151418	106774.987177	107402.186733	
104177.317002	108221.751914	112623.508001	113326.067333	113516.901303	
97436.401900	104781.230260	110163.306237	111230.931598	111773.170702	
100126.834698	105973.072855	107145.727653	108627.303914	109042.711222	
104595.187028	106560.352196	110360.319949	111886.269555	112500.307753	
104460.414763	105740.512093	106810.716480	107668.107946	107922.993182	
93699.259911	94594.596982	102559.280796	102854.919656	103500.474571	
91207.758806	103237.007370	105779.176460	107432.340473	107914.042757	
110489.292674	114171.926766	114783.476687	117006.751781	117445.247787	
90289.059056	97970.994348	100890.651800	101408.647466	102785.868916	
99308.182965	101272.309484	104685.541775	104793.756794	107024.458987	
99670.378700	100584.747718	101540.033594	101547.049443	102056.059414	
96054.484113	99384.882825	104018.683905	106811.066326	107312.598424	
105521.933887	110578.839612	111424.776371	112461.321169	115779.271784	
110045.300523	112224.832352	114159.727866	116235.764013	117088.428709	
104131.429506	105770.987918	108150.279880	109673.694634	111186.286608	
100852.828306	105931.111527	105968.439645	107355.362314	107361.181351	
96372.685022	101235.599019	101631.862389	102303.051427	102812.635110	
85071.364210	104811.403039	105810.154922	106249.754990	106335.658787	
100350.791987	111558.259993	112272.300333	112287.057702	113463.718271	
104152.815758	105030.856203	108500.363504	108525.200691	109050.519328	
95029.136091	103372.846329	107156.023553	109418.959751	109643.654914	
101419.100313	108276.131795	109165.369988	109499.291966	111432.796020	
108997.390676	109339.305113	110018.918157	118643.216623	120061.670550	
91595.220546	95801.843099	97880.406031	102270.285248	102352.419765	
93083.229445	94473.249008	103819.807273	104512.166378	106827.521372	
105061.181895	109929.870141	112809.820722	113513.706387	114790.338475	
95048.613752	98227.372778	98850.215433	99045.726403	99441.675928	
101493.615776	107736.002606	110339.307947	111015.050834	113378.942842	
94322.561147	106075.441513	107032.851407	108345.299272	109132.750386	
97451.219815	101579.787391	101753.563213	105343.653266	107899.038672	
99659.092955	100757.754420	108449.212193	108679.240370	111860.089372	
93894.317723	99567.728371	100554.804558	101230.977191	101461.139644	
97387.518333	99483.308160	100900.015130	101290.260281	102960.630475	
102553.537367	107312.982042	107335.463911	109437.720052	110647.199114	
108776.369619	110859.445577	111252.344754	113839.434041	115495.722810	
89101.856603	101155.866932	105246.383785	105413.403117	109176.969338	
96759.753395	98216.579586	99939.670487	101183.104589	102927.432269	
104058.631852	105219.254134	106555.423631	109375.735280	110442.534489	
101534.463864	109596.367305	113278.067787	113829.468356	115952.332337	
99776.701610	100859.024394	103053.290030	107490.549537	110480.083800	
99133.166429	108060.280382	108750.486987	109754.261087	110502.664304	
105373.862708	107817.137793	108556.106632	108881.283535	109067.246052	
93140.190112	98411.975686	105086.945773	106203.034760	108944.238945	
105249.422245	106477.637707	107341.703500	107709.503065	108947.973813	
96893.941639	96907.639593	98724.816861	99201.175771	100343.450632	
94280.081699	95381.238598	104473.064018	105169.098177	106090.850673	
87476.135495	96550.760393	102172.855668	104916.390876	105037.239931	
93713.299953	96815.115832	99099.557084	99522.865136	100871.201867	
95797.968234	101187.060440	101368.817751	105016.181824	107806.127842	
104690.419098	109115.133875	109450.964685	110137.157994	111012.950530	
97707.279627	109242.784754	112535.722910	112975.567489	113149.738306	
85121.295369	107638.326748	111231.318792	112817.071162	113065.516189	
94036.826577	96509.169942	97964.433958	102542.801734	104771.329649	
90830.869178	103109.284235	103199.509891	103618.368364	106314.547859	
104387.755152	105291.306973	107386.760957	109856.256490	110613.432317	
94329.593807	101935.264558	108282.628371	109835.349655	110068.776981	
100456.301862	102152.519956	103197.614500	104135.772339	105696.398969	
97443.618917	99264.537751	99360.532118	100565.951393	100878.633018	
101728.854084	101892.811593	102306.647027	105445.562006	106503.929911	
105630.096918	110597.152852	110636.195067	112521.976395	114223.772583	
95202.663970	101595.348639	101942.869675	102325.647355	104122.306078	
106419.286368	107249.608946	108135.063207	110073.776983	112013.567451	
110069.528254	110792.195491	110977.386170	112512.978611	113815.126072	
97649.122492	104356.814780	110156.542992	113402.571554	113991.532711	
101185.927398	111421.519373	113270.573838	115634.132953	116292.490397	
97965.474612	100308.697727	100704.831381	102464.934728	107442.167424	
100917.147357	111200.745707	111633.518928	112000.785656	115672.099796	
101091.837230	103471.793683	109399.424862	110837.534428	112312.956228	
95910.691050	98253.530654	103660.571670	103704.897964	104715.121641	
90490.119388	103932.581875	104972.421984	105859.486695	107436.093693	
94266.679699	109876.033233	110556.852098	111894.170662	113268.103193	
97701.137813	101770.101040	105596.044588	108051.451681	108131.642639	
90433.817139	92370.982843	101889.303507	106493.228319	107089.106047	
110689.383360	111162.494818	114867.307500	114884.326705	115953.052051	
92425.689806	97823.721305	99897.833124	99949.342063	100370.300474	
96993.443781	97448.823092	98389.713954	99243.952786	103161.606375	
99742.938243	105258.354513	106292.826540	107083.048884	108716.841734	
88889.815618	96617.643678	101517.992757	102119.753091	102444.229512	
96714.312968	98206.940683	98583.639700	99107.635380	100648.132836	
100318.227336	101609.096930	103214.221107	108221.357617	109481.260246	
110891.477771	115169.245062	115901.359409	116338.057734	116589.447727	
101426.533539	106361.744014	107087.272712	108774.836307	112085.045570	
105449.970762	106936.716061	108011.333263	109544.627667	110068.384046	
90382.492524	91894.788522	105705.820286	109688.725434	110352.408086	
104941.590945	106121.103823	107070.731982	107205.323029	108371.449630	
98479.144809	101384.267706	101757.592926	104668.211181	105135.462172	
95950.256997	102650.130684	110187.486343	110943.185020	111551.322071	
92702.369006	102525.423932	105112.329447	105346.984317	107079.058086	
89488.901673	106575.252977	107874.397236	108569.199952	109684.674488	
95862.583165	98476.612069	98564.429946	101889.061833	102683.503652	
97050.859289	98159.170732	104667.054334	105059.678805	106215.255810	
92867.746351	96566.108279	99219.882483	100394.550327	101564.456906	
93738.429615	93905.475778	96436.289695	99101.384901	102236.671622	
98422.824177	101669.566267	102524.377225	104586.553003	105095.654169	
105506.479149	106373.947447	107527.907465	108317.659739	108386.400226	
114563.640485	115202.365595	116224.716238	116377.178015	117736.187581	
104715.007092	105465.275950	105489.629906	111216.355245	113791.317560	
89912.556029	101706.149893	103915.241674	106506.973041	108471.412647	
82731.011366	98381.317081	100867.756984	102961.584571	103354.910421	
85546.914831	86622.877083	96660.307258	98524.166763	98525.722664	
88288.162614	92611.871265	92732.319652	95056.303940	98411.975686	
101664.635053	107636.142920	109444.529344	109690.961454	111412.135022	
102867.094692	105549.252529	105742.927810	107528.103258	108335.976697	
99382.059017	99928.824545	100465.486956	100510.653827	102625.584390	
97762.977842	100891.473095	106777.322319	107485.874465	108015.914755	
101992.521753	102304.998446	106678.743711	107320.669874	109691.398874	
84980.605464	92838.356250	94469.611953	100322.479409	101096.002060	
100938.837433	105113.435383	106093.680953	107438.270031	108612.886747	
98338.813224	109167.779401	111955.647295	113729.813562	114129.052007	
93582.439757	95224.985657	95883.635345	96220.467775	98043.660562	
102262.833795	102355.271157	103395.785567	106492.965331	108284.188448	
102780.146700	104452.218654	105943.793800	107669.297915	108227.208491	
99038.129810	101372.933080	103350.579709	103471.267715	104104.291463	
92842.840962	101935.264558	102463.850540	105415.999699	106427.781462	
99015.027718	100528.156598	105870.162495	105939.168777	107185.516561	
97103.517506	101317.682354	117175.058238	118216.834984	118505.913889	
99099.513743	99931.275214	101309.912059	101398.115462	103472.761253	
99675.357183	106461.774532	109380.086931	109824.961643	109839.590657	
98905.238895	104034.430851	105194.181657	105530.652604	105587.563062	
98978.414228	99713.191185	101078.327691	101304.620776	101345.649157	
104622.523530	106812.799060	108585.595973	108628.100832	110470.087395	
98277.680252	98487.011291	103724.709602	106871.980483	107566.105719	
99568.006454	102333.602278	103604.552834	104269.280828	104976.869028	
101629.382088	107252.277296	111977.940823	113952.182815	114068.327493	
100817.683815	103501.357946	104466.339233	110741.380734	113145.767718	
94836.932080	101462.113820	103473.042187	104595.848385	105812.642270	
97891.199825	99124.943186	99311.150258	101716.483507	102832.297444	
111148.218302	113283.495315	113603.723086	116182.785480	117115.205733	
105842.534995	106214.523933	106278.451733	106684.852477	107647.843323	
103036.349542	106899.431372	109344.728835	110174.719849	110229.900489	
101985.976143	102630.266431	102972.921146	110611.731033	111294.692388	
99771.469551	100192.503102	110285.750805	110837.534428	111145.451334	
101874.184802	103316.968640	106965.460240	107561.345998	107602.238176	
97805.439145	98930.621083	99006.459581	100645.414970	101171.057152	
109588.450386	110311.563285	114065.437527	116538.159090	116725.257688	
103113.868464	104137.212412	106597.184476	107965.124799	112289.033490	
99988.072032	100366.134649	101042.631054	105696.913654	108573.593588	
93723.844235	97197.268711	101746.448547	105225.724410	106279.773659	
97619.949704	105510.514484	106558.448622	108414.345973	111705.669893	
100550.307241	102882.197035	106164.024212	108860.201223	109774.011793	
113905.523269	116009.739849	118981.365100	121861.066555	122876.251092	
101256.260731	106759.572865	107078.383623	107768.188341	110015.901199	
100854.938344	102320.671372	104274.550998	104432.786208	105091.056444	
97346.510562	98386.037636	98542.412503	102238.607576	104232.590059	
118116.926653	118388.831034	119822.101701	119906.412259	120729.675364	
114937.627244	116012.250267	118805.097013	119761.466684	119813.295278	
103665.109715	104948.291433	107367.442975	108454.637386	110060.585025	
94388.173846	100917.372861	106954.678872	107167.117308	107308.218023	
114007.311347	116597.428506	118019.629723	119768.499622	120264.530991	
84754.240291	94714.681715	96596.129856	99539.719317	99993.045286	
97325.183195	97388.461495	98596.777615	101401.786457	104160.730692	
103594.573773	107202.934642	107808.070388	110171.060239	110249.320228	
103297.323864	105519.678422	106436.909999	107625.578136	108866.779390	
106093.614297	107774.555295	114032.455833	114101.859144	115390.294299	
95846.650731	98889.552086	104060.557701	104200.072212	106568.380771	
104185.765885	104533.702690	112855.256342	113159.105707	113392.496395	
92253.668617	96485.677412	96991.053500	102066.630930	103819.389671	
112324.996459	113080.239514	116329.152241	117262.382956	117377.440657	
91943.622058	100428.042976	104648.748672	104956.402383	105259.476969	
95748.988332	96627.217837	103059.897421	103676.407140	104350.367467	
92085.636825	95261.377726	96485.072579	97225.107279	98995.958891	
98201.042096	99894.154595	101712.088895	101892.834557	104204.063536	
96738.914812	98739.797025	100818.876475	101271.621619	104670.730616	
91516.635256	99051.322638	106190.851753	106949.422912	107142.434154	
109384.618259	110899.267087	113460.762280	114044.194507	115455.915781	
96118.223302	96414.812495	98039.423750	98481.094873	100868.492291	
102391.858652	103144.254759	106632.004615	108716.126126	108965.641045	
113424.811072	117848.790655	118097.848525	118835.157706	120082.448187	
93641.828694	97042.583753	102126.935154	102268.180929	102882.209678	
92388.555569	103049.078718	103100.129511	103463.167853	103543.013597	
93790.868347	97213.127629	98285.283839	99642.229056	101825.651936	
104658.028526	105889.822818	107574.717391	107874.594131	107907.595164	
110743.401572	111179.423569	111225.639695	112786.404593	113154.434604	
97182.368976	103791.769623	104016.018680	104188.584748	105067.736263	
114470.698577	115892.063524	117434.812610	119123.155187	119720.271518	
99038.129810	106446.641719	111008.498806	111836.070703	112160.658969	
106303.851965	108385.479744	109915.063248	110687.845319	111229.099420	
94271.662060	100326.553091	100939.672983	106054.982290	107194.719052	
100880.021614	102755.929446	108142.300881	112312.832265	113485.465124	
99274.929436	101156.658001	103576.850742	104589.275142	105418.295791	
111861.845882	114401.677830	115634.281389	119204.925684	119432.619247	
104004.778526	104357.562386	104475.088983	105219.836189	106598.827410	
93206.533304	99352.286239	101142.273240	102402.341414	102813.498479	
97035.884082	101383.973832	102426.395341	105397.438496	105898.030132	
101272.558817	106901.779210	109149.944854	109778.728277	110935.341506	
104511.336837	105334.684166	107060.768274	108270.380187	109034.934498	
100007.183686	107701.976921	108752.107905	110372.688572	112443.867910	
90966.715951	95332.503367	95713.032527	102181.819065	103291.147926	
94054.993905	97219.083491	99940.978407	100469.832838	101287.918350	
111932.193112	111964.734628	113038.859626	114986.787521	115255.410118	
100149.932764	105169.122551	105968.117757	108946.483460	110391.671128	
109475.832424	110283.540198	112409.947944	112440.599792	115410.350820	
110745.212856	111624.344534	111748.562398	112804.166650	114998.547547	
110086.228773	111271.391813	113383.740680	113761.103656	114204.863153	
94509.727436	95083.076187	98221.322583	98498.019015	101104.144549	
103489.433931	111475.821698	113987.002848	115231.227079	117876.434489	
100305.678118	107406.734403	107582.275671	107725.296217	108858.238896	
109280.069492	109847.907878	110901.936959	110904.278625	111301.469075	
102839.703720	102973.405385	102978.564161	103202.952866	106630.734325	
102170.047908	104989.893684	105439.574451	105732.915039	106497.155484	
111530.148212	111824.362503	115226.711739	115432.559054	115557.162976	
83161.752355	103397.278150	109193.429768	109347.543611	111763.722290	
99206.561079	104875.421107	105765.987483	107451.761200	107578.043015	
112479.219879	114873.324797	119276.183633	119351.355464	119781.602673	
84846.947880	98609.695639	98736.353283	99621.496167	101090.945436	
102049.978616	112497.407243	113248.757404	114973.348840	116560.680894	
101644.669797	105719.739878	106897.404895	107028.445838	108151.559427	
95635.104648	96054.199391	96967.130968	98422.689824	103156.070190	
94648.593248	98087.978139	98784.777157	98881.629098	99289.276597	
88981.596988	94169.412641	94446.466333	97404.479631	97745.222477	
101466.071774	112349.695583	113232.706847	113548.592181	115959.240342	
94689.400942	97010.319235	98210.587365	100961.375239	105108.773257	
107010.808720	109319.367998	112407.547679	116232.292927	116246.723809	
94393.680546	97640.516658	100397.997375	101072.126522	101105.713449	
97849.711674	100979.258918	101484.031662	102197.055266	102832.297444	
97420.268861	99649.062646	101791.031716	101807.363572	102421.105024	
86724.668625	96634.991010	102511.300342	104834.979781	105150.603203	
102374.071362	110191.620164	110541.981895	113374.181702	113456.155922	
104522.131337	104708.804642	106176.132058	108528.360478	108758.781718	
95561.537865	102115.471067	102333.516652	104683.848954	104995.581808	
109821.348087	112393.557530	112640.162514	113453.882871	113491.683216	
105499.553271	110658.174202	111565.343258	113909.838825	114003.791876	
102906.079521	103980.389954	104299.789053	106435.918973	106704.759616	
87613.800094	98981.231149	99467.761057	100034.580426	100064.493688	
96742.341977	102590.762410	102921.806219	104056.809267	106331.292709	
102093.226746	102104.814622	102830.974148	103201.045485	104316.334969	
98140.369421	98563.673867	99511.793670	99788.498543	101436.686202	
98167.730090	108870.042520	110106.584229	110107.226517	110876.838118	
95773.554335	104823.939764	108095.118939	109197.844737	109259.608910	
95638.594647	107488.221550	109197.329020	112991.477617	113093.089070	
106839.329424	106868.345025	107109.506210	109897.413069	110870.826970	
97206.009288	103646.178371	103887.229742	105140.499175	105162.041971	
109935.773428	110317.226849	111346.155145	116179.163107	116839.641743	
97327.207601	98616.538095	101685.013388	103193.657635	104309.048329	
104922.400128	109797.254748	110248.684997	110273.248088	110609.538488	
107925.823570	109645.439399	114216.976507	114275.641737	115913.096139	
96817.623103	101824.019417	102558.499688	106040.662579	107215.923282	
105001.938376	106191.251671	107482.357885	108890.381251	108945.054102	
109688.096289	111074.146170	112371.038305	115695.938065	116244.453689	
109283.289894	115374.953420	117382.333801	117988.113949	118793.684043	
90847.612141	99177.557171	101412.625972	102045.886195	102136.884258	
97676.708995	98941.077477	102396.613095	103074.848827	103340.437222	
90766.534285	105730.221057	108788.631787	110282.937056	110534.961685	
107927.538845	108134.175788	109548.699304	109807.579954	110082.709971	
98604.441558	103348.802518	103631.116269	103780.429167	106006.569935	
102366.608216	105824.034832	108795.197904	110209.150635	110214.650414	
102741.786458	103698.054388	104043.980942	104557.099162	104690.716025	
107257.811620	112085.709768	112487.756995	112648.990218	113460.255311	
101008.580841	112233.885028	113173.873422	114255.363804	114433.039294	
92882.422982	104948.037789	105097.602686	106138.500300	110914.391942	
104528.027386	106749.429549	109382.800514	109510.930248	110078.068328	
96187.812881	98786.589287	101419.339387	104368.267780	104573.747686	
106101.205920	107880.877952	108621.683883	108963.606565	109075.942649	
101795.564947	102098.745192	105528.317874	109017.255622	109490.209891	
104540.760814	112060.980800	112576.242692	113446.427658	114729.736689	
90015.237209	98828.174037	99625.744991	100011.962716	102749.036143	
90662.783507	104345.313221	106930.142626	107560.920750	108532.258752	
97745.222477	105521.340192	107349.698200	107563.061840	110445.256820	
102686.735759	108107.379116	109032.718729	110936.911610	111287.573803	
112743.702129	117153.496700	119615.467631	119671.930622	123150.261724	
90687.437322	97103.517506	99102.620878	100419.632067	102458.273029	
96942.340788	101529.389797	104204.138851	105074.802639	105153.632913	
89781.717549	100421.389098	102131.044670	104154.546126	104332.692513	
97318.057530	103638.421319	104855.718145	104868.334070	105024.276297	
86166.243632	95956.297279	95958.166568	97056.051493	99508.443623	
100802.016275	101718.733381	106660.138131	108360.598853	108762.294667	
97027.966192	106632.452309	107200.212095	108543.958740	109664.658742	
98708.709636	106552.789389	109343.409040	112070.636841	116474.372186	
96765.166928	96810.007715	98112.174054	99640.919129	101786.581893	
96714.312968	96771.702100	103346.495070	107114.360777	107532.172777	
102237.670740	103199.897651	106171.881076	108323.471559	108572.191016	
92512.560821	94080.045135	94271.662060	95095.626346	96094.633616	
94737.496261	100998.333508	105891.556746	106983.579857	107087.478910	
89484.650874	98072.803825	99118.496203	99165.046912	100285.692964	
93411.423339	102502.014409	104312.896883	105386.346009	105447.767912	
93905.499545	94797.845384	96133.900838	98159.170732	100153.941134	
109723.902217	110756.836362	111009.109118	112545.615409	113584.617121	
95577.002099	111300.941077	111353.194637	112093.256786	112534.101174	
106606.145370	110121.748184	110244.161612	113080.263795	113858.918089	
99463.881960	100852.515261	101381.733746	101387.752312	101729.708600	
104291.755074	106600.887563	106639.126612	108559.442551	110991.507033	
105393.048573	108938.537804	114229.873533	115504.732961	116420.090084	
92760.171831	103885.943516	105109.561295	106067.305748	108583.211098	
89152.839714	93701.063789	96902.870190	97246.304148	97874.424713	
96967.818637	100149.932764	105282.852965	106041.067053	107929.386037	
97981.273132	99282.893033	101710.641902	102488.902373	105503.464847	
92403.940347	106198.921967	107829.260584	108192.191041	109032.961962	
100414.016837	114731.530204	115005.781913	115117.418354	117269.773325	
107603.988980	111171.530693	112745.195977	113956.154631	114477.711966	
101912.350781	102009.235895	102181.642923	103494.728555	103762.067640	
103088.983231	105693.854916	107081.231261	107161.981999	107626.319872	
96956.199783	97019.468774	98684.442607	106593.965944	107526.783986	
100008.583787	111544.724919	111741.510727	112476.542801	115660.133630	
98443.753226	101419.404971	102928.375501	103030.811298	103273.864516	
97524.169550	101849.350493	107086.990915	109268.220374	110536.280199	
92623.332993	94621.210575	96076.514715	104366.224267	106188.309078	
98493.350335	100566.885761	106230.784145	106625.961375	107481.695433	
103253.462001	110430.721796	114738.031231	115969.945299	116304.657339	
103082.028866	104161.217399	109097.670084	110559.794236	113453.660456	
103489.192023	105034.750722	106393.443833	108402.449018	109542.257191	
99408.622821	99838.775385	101914.549577	101969.662110	103284.471513	
102596.410814	103144.054491	106493.276191	106846.526988	108308.611923	
95949.889106	102763.259579	103560.544535	104476.277032	105381.773486	
110892.461829	111095.976910	112659.052357	113122.342055	113904.936506	
101923.997377	104925.926847	105484.843192	106491.961342	107050.719020	
103041.419017	104273.560062	105206.264051	108526.614669	110169.469501	
100293.108383	102099.854106	102895.273323	103002.121835	104320.423908	
83265.182982	90081.453093	93291.911997	95436.358196	95478.480842	
98416.390010	102349.645154	108077.918265	108409.842913	109502.959256	
90729.623206	102959.049599	104771.286588	104986.405724	106708.785837	
98923.459493	105008.468453	107077.851895	108437.952852	108476.177030	
87529.728450	88847.881760	92441.480273	98291.509137	98476.612069	
101344.803564	101800.397405	102225.901799	103437.147601	103608.736528	
98265.330807	100020.939061	101984.459635	104291.717856	104790.109813	
105640.795375	110497.914377	111379.654116	112227.018230	114435.409854	
103473.062869	114917.763851	116704.803416	117468.543425	118001.698365	
104985.612385	105762.080439	111911.973173	114637.142166	118675.046986	
109053.148440	110088.376479	110343.842720	111521.085003	111822.792485	
97234.868101	99085.125799	101520.977701	104539.551254	105187.711168	
105549.573177	106104.714845	107347.505263	107474.656558	110442.675105	
114078.129061	114948.242942	117847.766844	119672.455215	121087.624893	
97930.640639	97937.408033	98344.128392	98598.825390	99769.051855	
97021.616474	102538.812507	103322.688756	104017.914148	104129.848343	
105916.326968	106075.709652	114200.674452	114936.066669	115018.381671	
105205.783194	106925.253281	110598.769347	113221.594749	113901.855370	
86674.473437	94861.717511	99513.472821	100525.235739	101209.341263	
106061.840276	106181.380576	108304.727166	108921.877661	110282.698066	
84350.944825	93650.282839	95486.581117	100173.397691	102547.375158	
93461.332236	94103.807406	98634.615417	100212.954930	101513.544111	
90745.648698	98798.796883	106675.568914	107542.344804	108745.889909	
102584.063532	103864.266143	104098.905976	104166.343757	106849.124078	
94998.528294	103384.860412	107227.446786	112066.544610	112430.367849	
95780.006929	99991.484360	103640.597756	103819.000935	106289.127338	
107557.460777	117938.666182	118361.226166	118509.261465	119471.885681	
109599.848952	112270.909108	116211.298549	116657.111303	117499.358789	
109292.085882	109296.811744	112841.374782	114190.764630	114770.111055	
80542.261284	92822.877961	98018.042671	101545.542010	102884.896759	
100815.793461	106245.666396	110417.869375	111590.065946	111682.818406	
107640.465826	114048.276544	116413.190975	116421.531872	116809.036160	
90966.715951	99870.666218	101649.967662	102124.934396	102451.263269	
114367.212369	116824.499809	118439.459864	118872.101608	119853.342754	
119219.859825	119247.083800	121467.828525	121725.033672	122376.226608	
97610.974517	100568.003517	101020.638399	103646.178371	107230.436094	
107524.001038	107628.380377	107684.279102	109595.716187	110354.483329	
96068.678541	98543.550460	99689.152624	99911.165568	102755.424333	
103929.295066	108725.128580	108731.814081	109227.243010	110484.289424	
84395.642661	99465.702345	100200.723207	101302.907989	101794.723796	
101995.648041	102450.953874	102691.415956	106729.488346	106731.426825	
104040.603245	107321.126439	110011.463232	110063.461877	110082.755388	
91677.050559	93427.482630	94491.306800	97793.206949	98082.625331	
102666.224671	104377.700538	104514.567260	105347.708306	106709.065634	
99289.304129	106763.484149	108871.927279	110231.835487	110449.802227	
105617.160786	107385.936375	109767.554043	110167.994540	110739.056802	
97144.463230	100518.497381	101462.113820	105713.575867	108732.776706	
102884.217928	108045.505770	114988.570045	116763.855705	117348.088262	
101901.490533	107746.032741	109044.079242	109345.989716	109607.664222	
103363.046643	105093.042174	105880.816404	106161.773746	108564.320359	
113466.941033	114060.379781	117952.462934	118414.627490	119333.719088	
106247.810489	116475.598057	118142.080104	118211.099358	118519.866306	
100185.277658	100414.016837	100445.383180	100581.976825	101475.162004	
88636.758019	92882.642518	94181.653779	97707.568924	97829.792731	
104541.028264	107282.696260	115019.016282	116249.515276	118299.249392	
111243.813601	114350.124975	115165.971651	116866.712881	117237.917980	
107646.894467	111284.666804	111308.472991	112318.253928	113117.848377	
102387.533287	106220.369930	106387.918105	106711.120102	107806.567187	
102640.063177	105751.913530	109984.447200	110132.207755	110434.314297	
92774.622269	102647.298711	106424.872241	106952.927448	107215.676762	
76886.526238	101094.141027	102841.017048	103093.856335	103378.211933	
105432.100231	106944.244174	112129.524039	114186.906520	114873.638650	
101533.209645	107540.228883	111528.287504	111998.060707	112288.665943	
80886.503785	85549.211429	92033.902780	92646.825242	92802.841049	
101791.939010	103860.802353	104219.788828	108398.555859	110656.546316	
105023.199181	105263.491314	107123.941410	108252.988429	108521.404144	
101690.868183	110431.317533	112766.118721	112874.711794	113761.863550	
83600.546381	86489.797758	90065.358367	92611.871265	92998.788983	
106138.801361	107427.602809	108591.839282	108750.923839	109600.068446	
99593.813699	109317.518357	109603.316734	110114.927117	111356.898346	
101079.071808	101441.249123	103501.178098	103580.502845	105630.769956	
93596.967920	95487.491700	96371.712291	101175.504164	102694.119152	
82251.315798	93117.344309	93267.982983	94616.432773	98685.745049	
102150.587613	102353.643522	102702.897211	106596.884223	106934.192908	
101310.228538	105194.181657	110262.161648	110620.367546	110923.553601	
103130.729964	103885.480055	104731.422989	105681.445737	107052.580486	
100238.268842	102837.157864	104005.128524	107208.687512	107442.400336	
101574.313985	107821.774205	111022.410018	112029.939149	112650.363439	
95671.501318	98453.473340	108149.096132	108640.971102	110088.365983	
100019.261124	100828.517410	101232.236189	102130.817845	104548.826195	
99201.042959	103574.821107	104252.929704	104377.530812	104474.589973	
96428.964198	97556.449150	97586.241098	102632.627867	102665.234539	
91305.830241	92269.567731	95338.128466	95569.661137	96380.384585	
102041.989301	105240.702481	105362.022422	107086.014581	107746.109346	
115196.149362	118273.010006	119424.036382	119601.844339	119686.392247	
106754.067285	108189.477774	109779.776063	111676.957806	113680.312218	
110521.979295	113157.516620	117928.136866	118170.057650	119221.309134	
100488.392672	103122.866501	103175.636909	109264.687783	112566.594465	
94004.880891	96184.735989	96448.335197	97679.505521	98157.951716	
98775.277137	102953.627427	107027.793277	107031.419670	107750.666472	
105428.214795	106970.102922	108592.528183	109818.243016	110091.903608	
102468.323726	104790.090161	106685.394264	108179.195484	108686.228683	
87993.589051	93012.128337	93840.131864	96432.481746	97399.459524	
114287.388704	115615.212751	118383.305124	118388.453564	120090.124203	
98290.829761	103823.591943	106480.734546	107628.595470	107802.710518	
92970.660822	93402.919771	99736.697855	100598.414701	100800.031988	
113582.608959	115740.219708	123021.466899	123280.317347	124371.902102	
97839.946781	99298.416495	99468.321770	102209.122197	103806.212666	
112326.642009	114915.123936	115142.878229	115348.168302	115562.739544	
104362.325112	104509.826449	108627.564889	111845.098271	112449.022284	
91828.433340	92370.982843	95446.427849	99756.212418	99758.563181	
89269.193428	100005.148127	100646.088168	100980.918597	101009.112964	
89723.997836	91051.601175	91793.382585	92307.660650	93546.088291	
95741.729772	100384.991664	100495.618629	100505.964720	106074.588799	
89431.091550	99254.463680	100210.046721	101600.309403	102885.310634	
105084.768560	107062.218898	107337.854139	108152.899601	109992.247822	
95935.241621	106414.645019	107148.569236	111019.725305	111232.859739	
97310.940672	102929.703168	107297.499093	109872.702037	109929.646033	
104977.934232	109490.311365	110276.352371	112095.331578	114764.001922	
104167.858304	104610.845459	107930.901568	109552.159551	112644.252117	
98228.759719	99976.224715	102058.718630	103144.254759	103755.135034	
105003.101357	106994.370256	107138.389080	108605.616652	109024.025078	
99633.003658	101849.695264	103029.955023	104981.182288	106461.630515	
96817.623103	101195.182703	103012.747432	104900.161582	105109.807978	
92779.534805	101485.150968	106587.094747	108387.503207	108721.132803	
97549.959522	106858.795697	109672.551778	110701.282476	112576.483709	
101711.884519	106130.800896	106655.923318	107515.692730	108958.743282	
100134.967619	100820.998105	100938.837433	101176.704348	101337.395451	
94970.832267	103021.340834	103444.824635	105109.145083	106579.563438	
100033.152159	106856.262651	107203.888696	111560.463509	112468.658584	
90312.207087	103322.010140	103447.468125	105249.234853	105252.212958	
83569.716490	96299.643611	99336.936834	106021.056344	107387.357416	
108554.336606	110267.064722	110564.667897	111146.776147	112465.761328	
87846.405827	102195.940540	105262.982976	106067.305748	109828.615041	
91596.799613	100947.481200	105189.009900	105762.318277	106548.383903	
94630.331667	102728.195260	106508.718951	107127.954523	107264.400891	
114482.977472	114675.423852	117828.841287	121571.605813	121749.182161	
97649.084542	101326.842455	110388.973180	110783.199695	111857.156908	
108118.666620	110779.074438	112565.522830	113579.390164	115810.945065	
85176.971027	95109.116906	101738.210268	102335.234056	102915.352023	
103163.051902	103924.110374	106617.379177	107227.091662	107807.875575	
94713.806697	99626.458301	103092.937182	104522.641280	105146.866296	
100593.871081	101879.381905	105371.829379	107556.336769	107608.723171	
100950.144335	100994.495406	106121.520590	110940.003978	111358.387728	
98201.826639	100451.484963	101804.845968	103154.652222	104776.298700	
86515.600096	95473.654613	96378.052900	98103.867909	102174.456147	
113654.141110	113932.728012	114597.070010	114696.677742	114861.468441	
86515.210072	103146.138776	109949.562980	110084.389215	111232.183323	
113338.300704	116323.551916	119742.471105	119910.856780	120037.669168	
100757.819368	102462.337850	105126.542151	105515.024709	105648.328883	
100305.410903	100318.227336	101477.307313	105507.414339	109292.085882	
112564.297669	114990.610059	115569.001941	115730.470948	117951.633039	
102569.444361	108432.199654	110256.613636	111360.501314	113824.312369	
112579.859846	112826.162784	113960.780419	115813.992882	116038.845541	
101121.162714	101226.356389	101361.301106	102112.010076	102608.076468	
93169.383198	103673.078370	104509.826449	105499.553271	105641.397037	
90847.612141	93169.176315	96888.254846	99992.963806	101179.590481	
104422.583335	106263.913495	111977.804531	114010.683871	115020.304744	
92953.258104	93461.332236	97798.122753	100778.315474	101536.441969	
98614.063889	104883.659628	105838.447541	106456.728523	107336.862378	
113662.815110	117961.020619	118007.315083	118304.956383	118445.907703	
94017.582186	94980.162547	102345.688216	107264.683279	108051.177285	
103298.312622	103842.954331	103881.333037	106095.519075	106683.551260	
109015.574561	110374.838231	112187.388757	112862.068191	113599.891072	
103917.261299	106256.121384	108937.678314	109187.305909	109269.959526	
92170.839384	103042.224834	105166.608519	105361.417537	105553.742983	
92695.573116	98712.753955	100143.179809	100813.606166	104451.684662	
101306.036590	109121.783287	109418.280729	109460.027417	110299.572013	
101429.625498	102104.814622	102609.830834	103338.005437	108081.885299	
91965.030822	102209.122197	103524.743036	104137.070535	104580.842848	
92330.430152	103954.136607	104757.348258	106834.346038	108251.106509	
105143.048299	107300.762294	108681.817064	109971.751816	111195.939096	
92849.351554	96652.897246	97417.615279	97468.752164	98044.226023	
102666.224671	102748.519826	102768.780886	105947.878554	106672.673501	
114681.046687	115018.917575	118151.644142	118599.963035	119451.105293	
101364.319853	109088.315720	109728.530084	110286.337979	111726.268626	
88762.643829	97798.070345	98435.310613	99788.348149	101577.691532	
86763.403076	90318.802236	100228.312300	103159.856280	104786.157772	
90189.315924	95093.962427	98845.762028	102315.436632	103845.920325	
103354.045557	106951.622020	108084.138120	108304.432986	110497.941713	
112306.698486	112545.157884	114616.377406	116970.160495	117268.630900	
92330.430152	92904.304646	98043.359666	98549.090880	99372.619988	
117321.640973	117429.920163	118347.644155	118535.581368	118771.711916	
90656.400072	100197.557646	102553.763959	103251.992324	103686.723342	
97526.703097	102844.516112	103246.809380	103604.719232	106073.683471	
74054.483688	97753.107774	98539.408266	100311.392571	100660.081660	
99120.521834	104030.875245	105474.579892	107301.007515	107856.014299	
93284.458250	98357.545664	99120.060899	102450.601837	104734.853202	
111596.122516	113788.050376	113857.449259	115683.514516	115716.553097	
92274.369793	95320.256754	97574.193915	98136.659913	99867.486816	
99616.534877	99728.578663	102499.696678	109302.071876	114268.695641	
117583.381423	118301.287680	118874.646518	120348.968291	120660.122200	
102319.578369	107257.165283	107996.201872	108079.022030	109269.659736	
103291.147926	106836.271560	107692.591512	108458.673306	108859.752823	
102521.056627	104806.644454	105548.382562	105964.057606	106532.662288	
103002.606891	111081.269978	112906.194327	113553.261544	113797.413470	
88627.185749	94254.128863	95447.662458	100144.958538	100910.427831	
97790.354208	101114.150103	102597.950073	103447.361206	105077.614345	
105611.764463	107548.979472	108883.639091	109126.346339	109863.205898	
107199.713157	107235.568892	108877.506229	108963.862825	109247.392768	
109506.978803	110900.557226	114779.718597	118110.445884	118464.633012	
112598.475813	119419.731428	120755.273682	122718.362366	123236.182089	
109913.867590	110877.634168	111080.503753	112726.771558	113415.496962	
101840.090082	103199.479149	104813.939929	104863.164349	107004.279227	
93382.935211	93791.761106	96477.796515	97755.674797	99474.600762	
100738.477605	103774.074793	106743.393300	107243.727772	109246.768183	
97010.319235	98771.820488	101672.130925	102140.183809	107632.632264	
105384.378444	105709.791262	107729.383482	108868.511236	110186.509506	
98735.100820	105882.008036	106203.869573	107282.777981	107365.510600	
87500.308940	89577.251583	90489.080408	92274.369793	93411.423339	
104017.185798	104835.485086	108179.456909	108963.148382	109016.045799	
98729.441016	100981.643885	102607.954586	103109.382740	103401.939760	
91177.934246	99189.513425	100911.372164	101668.333476	102565.207613	
78235.102556	106244.291121	108357.688800	108696.618041	109697.748828	
99952.886078	101513.195063	102126.363053	102294.835998	102758.493367	
98867.629017	99110.271043	100378.130571	100738.626652	101440.524937	
100743.615729	102099.262352	102238.528253	102851.984090	104745.782965	
112997.453327	113734.519945	115634.378476	116967.555101	117521.305005	
99910.971514	101505.664448	102878.086056	105190.953119	107189.226701	
96617.361415	98653.549827	100931.340346	101365.228212	103767.967348	
96806.290839	97283.514851	97607.829606	97805.439145	100519.696974	
91659.952994	96685.392992	99138.235179	101547.378711	104313.712392	
98634.615417	99897.765973	105446.022272	105680.339512	106068.388045	
97237.275594	100250.394148	100911.570841	104764.095127	105502.656443	
106650.134491	107492.915733	109045.479651	109259.631431	110100.265564	
93969.734616	102263.287979	104822.459927	107825.939404	109175.137096	
83687.576488	101245.530361	101952.286128	103649.327209	104226.736772	
95728.634708	101226.147889	101891.147079	102642.484184	104906.105233	
110500.925383	114346.483429	114395.298331	114418.508616	114848.092920	
95208.368568	97317.132361	97976.179161	98204.026953	99471.263097	
96348.211382	98507.455097	99373.964525	99875.997651	101648.066491	
97072.160892	105007.831723	110836.131785	112031.304124	116016.250120	
96417.162666	99835.421586	101650.629082	102634.924276	104675.802710	
88490.132109	90967.631224	98680.917252	101314.649676	106203.869573	
91086.678519	96079.114763	97415.787598	101350.281899	101695.781809	
96134.123847	104180.782809	104799.163033	106742.587172	108250.458591	
96103.782686	97450.075426	99598.780388	103663.491729	105097.984682	
103417.487908	103911.854139	109720.996053	112219.186259	112603.310482	
91773.408546	93604.593213	99037.063627	99584.579406	100520.592821	
99250.966153	99633.855939	101853.860608	102527.523338	104286.481335	
100033.152159	104972.626400	111295.942177	113035.242415	114345.974074	
105388.764866	105851.493528	107263.355769	107432.992469	107692.122060	
96433.839193	96770.755479	98577.287459	101035.658390	101839.635421	
96239.543195	100809.897872	106282.760559	106631.494532	107886.895828	
94716.267942	100962.488642	106881.740388	106985.546754	108206.580282	
101913.780942	101993.248617	102272.023651	102326.129761	102837.228948	
109184.812680	109978.536751	111177.053464	111683.590820	112295.271545	
84754.240291	107401.571743	108371.888142	108381.815492	109081.106357	
95204.883207	107609.589225	109293.317637	109791.640945	110974.034009	
114825.972039	115988.455330	117774.470972	121127.996492	121218.517127	
86680.436928	88702.310018	94555.929673	97113.222964	99809.441419	
104532.729871	106490.824018	106570.167020	107400.678324	108997.416264	
97174.188122	98351.718279	103589.190706	106494.542979	106999.519891	
93891.856205	101697.836209	106349.998767	109291.136085	110081.897046	
98270.322100	101652.755638	102881.964870	103030.924956	103778.746496	
110764.659458	115563.837794	115897.933094	116965.972402	117173.399970	
105454.867750	106727.244234	106906.420444	107964.822070	108121.690897	
106869.199830	108538.842073	115939.269501	116178.344354	116767.905487	
94294.326329	96089.743653	96244.262112	101390.117841	101956.079424	
109333.710012	113031.324113	113163.406877	114327.127660	116418.526749	
100141.409472	106406.717850	109539.157927	111632.202774	112867.216454	
93810.464967	94389.481807	100028.241926	101248.678850	102307.212925	
102340.667488	109538.866062	109634.642830	110854.752724	111422.419483	
104835.637068	104873.098044	110521.940484	110752.348061	112704.689007	
100489.211661	107286.005296	109453.975898	110816.966165	112187.431616	
95422.625795	95578.724369	97024.186589	97116.368741	97404.479631	
96952.643997	110425.726201	110920.835213	111896.468324	111989.060136	
91440.628193	95467.190526	96718.220435	98269.641105	98561.990118	
106382.343744	106535.131784	114760.027610	115656.895408	116644.857880	
105982.804259	106986.061458	108563.593720	108744.818428	108758.916432	
105681.217984	106868.358457	107033.966732	108221.456567	108336.477020	
100064.493688	100472.893202	100677.641906	101468.535063	101620.975271	
111825.049661	113319.178120	113831.188341	114921.062989	115471.206340	
98363.860330	99638.855113	100813.468157	104838.860199	107083.830866	
103090.941021	105481.025609	108551.014916	111484.769820	113488.322721	
99294.532942	100584.472236	105191.717672	106757.273325	109064.686077	
108992.032106	112726.476671	114727.952201	115063.072656	116232.118337	
88458.000842	95092.919669	99559.893842	100285.537930	100461.128350	
93589.037762	101781.852391	108486.742187	108762.781547	109358.386205	
110851.451783	115354.194864	117793.059475	119021.981508	121712.538964	
103619.214489	104153.287352	107261.508761	108014.006371	108187.832546	
99148.030602	105469.475203	105991.142777	108106.660942	109192.114624	
105352.058260	106822.619585	107134.646621	108354.158576	108369.709595	
90919.266551	97905.928963	105644.631026	105827.677729	106550.690453	
95483.341959	102842.709674	104688.974953	105439.801311	105545.078655	
96317.365619	98443.058610	103230.211589	103834.494262	105048.479957	
83687.576488	89219.001621	91989.082460	94267.559614	95399.594605	
103480.168044	106073.663202	106409.289450	108627.561687	109417.774669	
85176.971027	99352.228416	99475.041475	103631.634892	106042.010536	
93292.810860	101259.346722	103117.936081	105073.610003	107968.701974	
97917.776468	98929.952470	99075.616199	100590.729245	100847.238150	
102224.384578	107648.334389	110133.263776	112531.948997	112935.459166	
95833.775601	98247.658355	101479.563309	102596.369346	104209.757276	
104441.032181	109870.778983	110020.073287	110878.841000	111710.479006	
112266.339741	114558.961182	116699.576536	120052.679238	123450.742574	
105192.721285	106084.829222	108603.457958	109961.725775	110740.481822	
111143.686667	111354.876292	112230.809179	113018.098052	113188.910403	
107133.882253	110281.251867	114794.853318	116899.152892	123270.413027	
102432.499310	102880.359416	106972.954486	107772.326869	108048.951206	
103125.853835	104223.765994	107893.406324	108991.733938	109400.043404	
98727.293131	108775.959830	111035.573400	111927.537697	112650.059226	
85050.749514	101168.165886	106740.223834	108372.092995	109257.542041	
98551.377312	100730.689136	102982.613544	106305.665264	107010.938644	
106637.116489	107062.308730	109635.962789	110371.572435	115004.224419	
99208.384764	99607.125885	102488.766838	106727.233874	106746.481654	
99541.096536	100720.853951	101644.341825	105540.768873	106694.453399	
101829.511150	105576.295211	109494.811693	112233.058369	112658.242110	
100861.742666	106946.072169	109455.143116	111347.557251	112853.292909	
110780.392848	111678.282195	112419.370734	113553.413437	114015.862927	
105507.998959	105961.497378	107860.042980	108212.879975	110620.761807	
94831.488579	102569.444361	102918.242948	102954.568922	106280.414207	
100202.770153	102348.609831	106089.436328	106514.342687	106769.616376	
105924.620061	106832.681828	109102.560395	109207.970805	110360.335424	
102754.355070	105143.997988	108834.529309	109214.475348	110121.899869	
104824.330248	106250.562499	107327.860773	109873.818715	110031.478947	
101047.026679	103527.211621	105000.032446	107968.578399	108823.702015	
97123.403764	98100.841864	105242.086924	107452.268618	108176.509251	
87495.008986	90699.855990	92390.515578	92494.572274	92683.028515	
119602.765104	119666.886804	120599.962408	120615.781285	120919.758053	
101948.897291	105572.201275	105986.605424	107489.718077	107873.749268	
109649.117385	120819.091250	121262.516417	124837.797046	126834.296075	
94940.675701	102411.233946	102975.620586	104549.507695	106730.529091	
107438.486308	109637.974762	110338.689031	110564.595639	110906.657328	
89246.406372	92080.347522	98876.687706	101779.612729	103033.375203	
108152.553365	110405.777078	111715.524999	112000.959085	112169.646835	
95001.970353	96000.035215	107033.275935	109603.942131	109922.411757	
104680.799518	107475.643168	110639.819931	111912.128597	113453.725434	
100931.705229	103121.103442	103576.420123	104133.741741	107468.638140	
106526.340433	111568.145382	119031.402421	119427.349176	119556.562232	
112608.479952	118765.379517	118882.722598	119364.512693	120207.140692	
87874.897197	96349.904781	100895.022514	104252.431616	104968.165315	
100964.569238	101634.212923	106042.490033	109316.531713	112485.530809	
95760.045246	98160.888469	99706.279086	104921.956921	106898.376916	
99194.252370	104537.326142	104809.952292	105148.880041	105561.427771	
96303.305646	102359.083721	103492.590543	105148.403250	106256.834710	
119241.729928	120010.642611	121604.638349	121878.608715	122434.387378	
97094.119629	98779.563918	98785.004161	99763.207575	99885.595396	
94168.207185	108446.218401	108641.344145	108733.736593	110615.627530	
104713.481458	118633.459731	119822.910231	122757.743494	124852.403678	
108672.226257	108968.758710	110222.707843	110417.566314	111912.899198	
99624.701654	99740.293052	100126.834698	101503.831646	102327.539929	
98248.797555	101343.911829	105544.457067	106673.309761	107442.604527	
102563.563611	107907.371258	109884.774450	111489.822643	112641.331267	
90897.102222	93421.318215	96052.883137	97893.490665	100445.979737	
78562.297641	88647.377553	94267.884347	96978.230514	98323.802665	
97182.729678	98408.064765	98585.718668	98593.582262	99031.363472	
95527.855610	97851.196223	100814.132636	102521.503981	102842.860016	
92126.823689	101478.833567	103794.851719	104286.481335	104936.851574	
102763.438514	105335.100733	106994.572899	107391.572774	109324.295244	
107079.070515	108299.228379	109316.388601	109370.698186	109673.848219	
99524.653262	101590.165884	104035.870730	104387.239076	104441.817801	
101204.150693	105739.486831	107551.287239	107772.052110	109091.943583	
109829.988647	110254.093065	114010.277471	114050.104906	114416.315540	
94378.153215	94975.581791	95985.701417	97645.586129	98089.474682	
95724.346885	96260.214617	98653.018571	100146.476132	103636.815031	
101846.227178	102148.335792	104046.788193	106012.570374	106283.936830	
96277.074104	102635.180478	104935.722856	105184.001464	105280.675635	
93880.955708	96407.359851	97944.363380	99560.167328	101977.698782	
99643.448391	108671.360608	108795.303269	109759.601452	110823.446024	
117082.955604	118905.673816	119833.936960	121078.608874	121799.576542	
114571.300371	115217.255465	115625.632242	116524.707618	117411.762102	
97554.870640	98819.190273	98946.471167	100274.221538	103361.571598	
105764.292595	108036.683482	108235.779888	108262.339381	108429.407290	
106852.987347	107698.731928	109682.148801	110916.619034	111802.894832	
114742.516471	115892.747476	119545.329852	120063.635280	120796.618103	
110521.802171	111464.422417	113093.583276	113624.827486	114590.703426	
99590.489071	103237.613626	103747.972719	105756.887159	106140.880161	
101311.125293	107506.120292	111589.851746	117814.504259	118079.089539	
101534.205830	103022.326387	105618.770904	105797.187340	106031.426419	
104520.823596	105368.536029	107602.000191	107999.207506	108622.691199	
101606.804458	101759.699572	103374.071131	104580.717395	104971.934332	
97146.211689	97925.534492	102128.289158	102157.997329	102310.291288	
103672.287287	105743.010602	107990.411755	108349.034597	109103.394431	
103376.780883	105552.213636	107481.316320	110468.848141	110503.021812	
97896.510188	101445.642277	103494.519119	103885.127351	104268.774153	
103984.082850	108811.858286	109871.172866	115208.746551	115581.364220	
102675.719995	107048.565390	107667.082480	109415.097916	109884.370032	
107270.649465	116175.282594	116736.581908	117405.447466	118853.373547	
87694.069298	93927.159306	96891.017290	101675.979074	101880.347799	
105437.456645	106272.071887	108304.564212	108921.076698	110888.865204	
92498.925747	94746.498682	106533.729884	107816.598890	108028.601755	
110235.248439	113107.344414	117225.991771	118164.841076	119530.619548	
101433.543950	105993.770585	106570.398755	107886.858819	108649.622413	
95353.707989	101912.782788	103177.687387	104082.189534	105886.218973	
104688.573145	107407.294586	108368.150556	112246.838536	112459.403271	
92051.679785	93378.472272	94054.993905	96108.313601	96346.070582	
113456.922945	114072.369084	114921.701876	116452.419404	116646.657523	
94967.283256	95672.003801	99006.064290	99475.342841	100338.779763	
108767.859597	117266.106775	118412.243011	119507.895195	119682.481036	
91108.632697	103289.661883	107759.513746	107990.402330	108300.725388	
96041.920377	100173.399822	100824.655642	103244.459251	103627.016292	
110711.172192	114403.869122	114590.521911	114767.437929	115190.674211	
101974.802086	103693.589311	104965.826289	105732.413422	106258.868155	
99206.442878	105440.846662	107576.535845	109424.029403	110045.239442	
100152.011514	105330.912206	111193.526210	111346.243909	113498.747062	
116379.934155	119289.817919	120790.590223	123928.056553	124265.964011	
102174.606122	105387.696469	106217.352157	108079.506250	109312.339921	
103648.167641	103972.353908	104896.284924	105113.249762	106198.014973	
103174.413993	104918.240274	105841.172098	107027.858560	107472.468783	
95945.370567	103894.061253	107849.808866	108124.938411	108873.390046	
106014.912502	107067.963803	107198.746253	107819.511737	108743.641877	
91315.143406	98673.419737	98831.414758	99712.462947	100182.197483	
100135.435025	103204.368901	104286.043105	106041.946518	108191.087449	
100088.829056	104889.008288	105104.066857	106112.408658	106682.644731	
94350.099014	95333.364132	101444.680827	102993.125544	103300.045252	
84911.607272	101210.110358	103966.942288	104131.241278	105526.162991	
74884.156339	94587.967716	97192.889179	97236.400470	99272.152304	
107434.259457	114037.996639	117368.762849	117401.812471	117712.747052	
106475.460038	106691.158145	107175.561718	110384.982475	111108.369082	
96404.707941	100650.715343	102571.247251	102713.347436	103213.414160	
92071.417743	93653.920440	95060.990124	97754.685029	99565.564307	
93802.641370	98879.236018	100697.697444	103267.559226	104921.717357	
101425.180200	103327.391494	103844.347041	104313.760850	106258.165011	
118359.403348	118408.404833	119410.158628	119901.660811	119981.792111	
101136.720835	103522.682096	107150.602090	110972.307910	111322.342279	
95819.303380	99309.500146	100062.035479	100159.883664	100904.691213	
93499.422914	95987.770816	98462.365312	99690.250620	99971.167380	
102456.362305	106236.485975	106634.174653	107479.591737	109306.301919	
107156.316867	107950.154261	112274.653119	113080.914170	113509.351225	
100743.615729	106378.186956	106822.638543	107050.257731	109043.481002	
91900.156478	94582.346565	99831.568117	99914.148637	100562.669315	
103693.454995	106387.458716	108417.617716	109417.371287	112467.487503	
106627.761726	107417.867086	108143.938241	108318.078324	109128.716031	
105396.797091	108620.866672	109689.662757	110882.496532	111824.362503	
112014.132579	112383.849059	114543.538629	116219.439406	116613.908897	
88868.223140	105301.819288	106050.595293	108920.776821	109107.337111	
108259.269380	110206.351155	110684.079256	111369.886685	111807.917547	
90478.977443	97714.673217	103562.912241	103635.275038	104465.907557	
93628.996925	98826.989812	101346.345940	101994.562649	105700.131710	
108983.679639	116240.210051	116991.985306	117279.812048	117572.446545	
99753.334084	101186.725392	101200.057544	102146.840982	104821.465793	
97443.240232	101302.754815	101584.840586	102107.370244	102299.900938	
96366.784182	111217.524764	111807.644855	113291.122188	115287.987132	
87827.914957	95224.851697	103936.515022	105479.158816	105771.504721	
107552.743407	108267.219569	108482.883516	109419.438783	110440.111083	
95148.550995	99849.805600	101117.834054	102214.382074	104197.182277	
98010.869297	100468.426778	101114.028975	102217.835410	102352.803950	
100436.856247	107903.111797	108509.697725	109402.891484	109733.148161	
84670.995031	91532.797105	96229.678376	97899.284395	98981.118780	
95227.384673	99090.832562	101333.201839	102770.450599	106749.494388	
95487.789175	95549.033580	103171.184529	107281.524162	108537.313855	
112352.466328	115574.160155	116215.987511	116391.916022	118227.338167	
101100.593276	106246.350806	110284.016783	114117.216220	114825.338885	
86784.452017	92344.361016	99808.564820	103745.889422	105841.010572	
95609.041040	99162.422325	101612.727603	101692.830453	105083.532621	
109549.842293	110931.170813	112697.495442	116217.111884	116759.851483	
104573.864491	106738.434384	107286.891768	109935.064071	110331.229348	
107550.430216	111508.242654	111988.880636	114506.148509	114787.018221	
95285.899988	100624.860794	102130.154576	104056.519617	104951.563389	
90690.119549	96761.293410	103155.390682	104152.600153	106306.854149	
83692.803963	93404.480679	95685.541115	99483.329038	101671.844083	
111542.503107	111758.036400	113397.901539	113767.487396	116725.376509	
99142.003226	106382.343744	109849.844950	110827.197347	112344.449996	
93810.464967	100854.938344	101028.625401	103282.321380	103656.377350	
104635.000482	108629.792362	108944.200135	110428.962296	111253.665629	
98719.031766	104994.473475	107251.595485	108272.615990	109428.034539	
103783.361901	104299.172395	104926.260336	106018.566420	108352.342501	
97773.995134	110352.342139	112289.547489	112393.240580	113200.655680	
107457.541024	110130.448349	110260.275074	110349.052831	110521.759778	
111477.233701	113529.284098	115635.120303	117085.391682	118006.128300	
93528.992650	100534.352269	101049.646897	102069.585710	104156.845212	
109918.619175	110124.602785	111471.376497	113512.373307	114574.981351	
101581.402692	103312.658272	103830.992182	111471.080037	113517.813482	
98714.762621	99751.686122	104173.332881	105895.320052	106314.741806	
95487.442000	102229.224069	109286.647624	111092.846041	111886.909057	
99076.904207	104770.651978	105052.092481	105134.736335	105240.453743	
99371.663321	100002.747491	103213.066974	106017.215570	108370.800762	
102896.169635	105435.790440	105885.194739	106485.167555	107610.631821	
105439.466757	107794.614315	108180.528265	108460.038565	108644.488042	
111141.293348	112940.423226	113272.682081	116792.711634	120118.087569	
98395.137067	98417.374236	101756.174123	102099.059969	102189.563686	
108112.865048	113510.882222	118639.771018	119847.009137	121585.911391	
107054.075697	107641.066391	109032.199731	110877.163064	111025.672976	
96400.943546	98783.492439	101472.387235	102735.205163	103481.176494	
102943.351915	102975.392802	103748.873609	103912.819761	104115.159063	
100313.822207	104999.987024	107757.730904	108743.433934	110826.637853	
95286.384855	101569.172836	105145.338094	109390.819166	110512.130757	
100088.829056	101186.620130	103669.787286	108378.022244	108721.132803	
100349.403085	108702.732592	111844.986363	112349.695583	112434.304139	
97002.008176	97310.140610	99673.248783	100721.481158	101543.250445	
85985.266011	89229.032747	91447.654828	91677.050559	92617.788848	
111966.472577	113798.649387	114073.456390	115177.210935	116635.023132	
98831.239700	101856.813087	106655.386938	106668.961009	107677.211071	
104859.876468	107092.013950	109301.153155	110128.498971	111498.992994	
90581.255274	91844.497566	100122.768555	100726.705130	101135.077059	
106495.786070	112189.284503	113524.959674	113990.323271	114001.829451	
94765.661293	95230.785873	101240.560678	104168.603827	104779.785603	
97691.055236	99434.274565	102536.724263	103003.950529	108812.429300	
106199.059880	107773.126720	108562.731909	109066.090524	109297.942023	
97943.084859	102999.865626	106162.251345	107048.299989	107570.285848	
106367.536728	109007.698613	109253.504844	113126.134514	113361.265474	
99921.496342	103800.508319	104534.823650	105517.807616	107345.607684	
95670.200259	98241.805917	100325.856218	102132.690608	103579.608976	
99918.265518	107145.704594	107377.450640	108151.375415	108919.845532	
85647.280545	95116.351093	95219.370111	98570.254649	102893.750690	
98671.495465	103925.522390	106729.056751	108752.056892	113149.715470	
89729.395429	104945.586872	105420.885390	105631.753136	105844.444797	
95605.942344	102367.311522	103474.667901	104783.334896	109134.480416	
92515.476041	97016.437228	102027.592595	103460.660354	104278.996520	
103539.067094	106407.268333	106628.838472	107172.653679	107211.354269	
82301.331851	96170.289050	98827.276517	99036.235522	100008.531026	
100550.723423	100985.723872	106658.129753	106808.500167	107391.210340	
101516.746665	106272.994374	107920.791726	108586.021054	109238.926410	
98244.824553	100738.724307	101868.231159	102320.121888	103028.052023	
92175.902536	96374.409770	99891.971868	102883.220397	103931.454753	
88294.983822	95470.061989	96670.945531	99132.263079	99480.023501	
94830.637100	98740.943458	99074.600150	100063.693095	100229.982536	
81327.815552	90778.929836	93708.171743	95719.825801	97024.186589	
114946.849351	115330.520091	116840.158703	118058.004841	118820.207287	
100235.206340	105616.478121	108221.276844	108879.582553	109186.606664	
99150.431130	100628.574371	102804.672535	103681.556644	108038.495445	
82411.180398	100469.066218	101829.511150	102391.607297	103698.054388	
90682.748326	100647.284514	101184.205891	102399.827953	104745.849252	
109785.523861	117183.290270	117901.586000	117937.347088	118628.365407	
99377.136712	100759.105190	101736.050949	102114.920036	103788.205622	
104433.262434	106295.177172	110998.799584	115481.497396	116982.098002	
110143.731595	110280.788039	115403.205293	120654.601067	120820.111026	
100729.535260	102878.086056	104814.672298	107878.010581	107909.782545	
105584.002935	107970.400294	109956.328130	110164.510329	114411.986710	
88569.460571	97846.702990	104288.825225	106853.316980	108278.746123	
92151.231180	102353.968005	111197.101825	111782.884628	111864.655261	
94582.019357	98530.736400	110695.365164	110827.201829	111992.098204	
81706.077436	93069.210058	95392.128577	97811.417072	100729.863603	
89223.650412	91768.885140	93713.299953	93830.404366	96087.612943	
94115.051651	94561.611591	97344.192322	97533.108432	97948.666237	
102727.738047	110155.887936	111732.694145	113791.420522	114867.003132	
84320.736452	87642.565185	90131.776088	91176.990284	94628.306919	
97399.938981	97652.424729	102486.792640	102542.475273	103862.831289	
98031.953232	101169.334649	102148.803853	104813.957468	105093.503780	
97662.195159	106773.122939	107229.773381	107345.263154	108900.869074	
96198.967213	98995.958891	105484.562822	106996.844992	107777.941285	
91996.093593	98775.277137	102197.588700	102669.202104	103246.201028	
105449.585602	107504.496806	109875.945614	115580.528394	118062.243309	
123366.670738	127536.944109	129192.321145	129378.706819	131893.666099	
95084.747909	95232.066103	99627.405576	101664.041885	105324.142503	
106850.041896	110456.249616	111504.473211	111614.478590	111804.390924	
90478.226839	97880.733616	98923.459493	100091.877730	101454.734156	
84436.711700	87093.454998	89253.925987	93631.388759	98155.529376	
103112.204852	103839.801939	105137.356623	105256.252469	106570.876790	
101574.313985	111354.499427	111489.765388	113075.323520	115733.284117	
105828.257480	108578.525858	109620.536350	111748.811992	112391.450911	
108202.357111	112602.963763	113260.471438	116141.686112	117030.214074	
90015.466855	92006.194934	99141.299349	99494.252314	101621.579412	
99895.646472	101815.778230	102183.898103	105184.646000	105407.594925	
88185.718455	94182.992274	96041.920377	99772.122058	101634.200571	
87157.769675	99352.228416	100557.916179	104608.809254	105135.030429	
97926.244158	99109.104949	100988.137093	102795.045051	103230.304981	
106333.156545	106604.636572	106958.574107	110918.427450	111022.787956	
96612.206854	105027.819202	108403.717344	111866.275050	116729.506960	
93012.146878	96638.144513	98393.787894	99336.431478	99379.867648	
88702.310018	99288.867627	100509.613514	102448.676028	103356.212694	
99936.592105	102589.600969	103991.331556	105445.422993	105690.858699	
113831.726160	115323.355779	115574.334609	118338.217435	119238.398316	
99638.855113	99872.608891	100221.323899	100721.264827	101106.641411	
116780.699298	117450.840250	118259.760059	119547.346297	120682.260078	
95217.273811	99934.950440	104270.893083	105290.946722	106638.493115	
101482.696109	106680.545477	107101.862853	107134.245834	109360.759361	
113740.713708	114200.596641	116822.667621	117311.542793	117418.691285	
111743.078028	112586.565380	112872.806135	114438.192314	114772.051835	
98241.287189	105116.834899	105739.179157	106335.543018	106973.816569	
95635.079379	101796.996519	103620.892634	103680.061880	104013.415141	
108454.637386	109295.709894	111213.582347	112615.306754	112756.245868	
101094.794444	106162.251345	106445.302932	106875.906446	109381.026565	
90540.702919	97814.876799	99354.299681	103187.833681	105410.772829	
100974.288037	101108.006647	102044.548805	106631.386757	107374.277556	
108437.873003	108858.997372	109292.905448	109387.042965	110078.523916	
104447.477949	106833.143806	106848.496971	107283.530053	109064.661560	
114495.855960	115496.247665	116005.166446	116836.800093	117106.386655	
101160.301929	101614.918299	103708.922541	103936.452690	105307.268521	
102169.228513	102409.323654	104442.586098	104467.945576	105185.450783	
83985.761692	88395.127055	91678.467429	98822.801688	100389.831688	
97380.477387	108055.205699	109492.979146	112821.159831	113603.843197	
105954.839365	107273.335831	107926.971774	110418.844827	110659.582393	
102711.976920	108008.669306	108038.002029	110781.595524	110899.185491	
106534.267131	110841.303801	111769.939557	113224.759355	118655.459838	
101469.779087	105084.002069	107323.821007	108820.069913	109052.026289	
100248.685635	102306.149331	102468.123601	106844.247240	108472.046443	
97679.505521	101305.707462	103506.053314	103662.441455	105216.473990	
97594.210129	103353.744912	104883.213588	105606.844560	106977.695020	
114651.649846	114700.937742	115498.876936	116856.042488	117169.529801	
97583.257493	104975.162552	105570.285003	110983.181947	111086.985284	
98119.870287	98314.758807	101226.962720	102272.014560	103093.856335	
106559.206382	107633.154258	108523.415900	109955.568155	110127.888670	
101105.775186	103407.193255	105532.860633	107367.874031	108063.650431	
104788.614594	111439.549455	111480.348037	112997.453327	114286.237413	
108255.444185	109723.395312	110613.057353	110970.228032	111114.396766	
97308.460428	105284.408137	107882.164484	108615.887671	108984.537538	
105527.492046	106898.832428	107047.860289	107590.519628	108135.939581	
105317.426808	110338.905429	112939.048671	115368.886858	117073.778505	
89901.350095	96368.747029	99250.930308	100233.266715	101684.833761	
109117.976394	109844.071643	110510.253697	112701.090454	112871.619623	
102134.776661	103072.907610	103691.717741	104067.745482	104491.548459	
96973.588043	97243.911060	98941.292480	99372.619988	99810.797197	
97450.075426	108647.317995	109869.886279	110412.709353	110841.432324	
101577.600800	105159.937126	105250.248333	106065.460868	108284.890010	
108596.834421	109208.068470	110694.337772	113119.989038	113390.983048	
103582.861116	105629.224538	106242.346939	106608.249888	107252.996739	
98595.657176	99336.936834	101225.099441	103147.484443	103955.074742	
98973.096868	113825.603231	114324.238571	114391.948712	115378.823688	
100102.871921	110800.178798	111629.619937	113811.495560	114403.346264	
101077.036826	102023.538664	102255.189735	102350.946244	102494.901886	
91844.497566	100176.643689	101753.425959	102092.080642	103484.664475	
103904.404058	104154.789025	106206.794802	109086.738156	113516.690932	
96155.732512	98562.605886	103520.769866	104418.871594	104744.974933	
101020.638399	101209.788377	103036.349542	104189.424540	104513.074015	
101004.196666	109693.776538	112379.926550	115992.294819	116337.017858	
111573.970362	117328.516815	119628.264173	121126.499390	122231.965191	
97975.961480	103325.978930	104119.759951	104878.473484	104940.555653	
94767.602406	101798.729722	103865.395503	104790.299813	106037.145085	
99109.612104	102821.872048	103834.372153	106661.525325	108032.411049	
109678.504665	110559.617555	115617.251677	116229.861077	116936.344255	
104606.696927	105128.852586	108486.616265	109714.702138	110005.992405	
103023.826484	109883.287347	111040.543951	113153.589615	116275.840661	
93274.709999	98735.025343	99783.350687	102140.183809	102469.739184	
107548.308596	109072.353959	111287.188699	111323.255969	112029.939149	
106669.155545	108318.654067	108590.060565	110163.301281	110994.248920	
103960.658033	105642.290072	105966.387741	108957.436690	109049.562672	
103442.756779	107960.245852	109216.065020	109280.176678	109366.453504	
96791.706545	96915.366302	105173.880439	106324.113533	108581.122165	
98347.322846	100052.916792	105373.843906	106406.623332	107756.597274	
95088.587621	97751.838835	100339.990262	102119.479039	102237.350155	
106053.506628	110227.214805	110339.781645	110565.689483	112437.027508	
104627.085426	108813.519129	109587.116127	110716.869863	110903.382331	
98436.130542	99308.890798	100429.015713	101895.447112	103390.232317	
98735.025343	105908.726217	106282.093703	108287.204060	109103.755321	
118286.301253	118499.724173	118782.851115	118971.212554	119560.128179	
102393.373581	103298.890759	104509.702564	105088.112133	106081.637853	
100840.005809	107031.750510	108365.787539	111796.559191	112191.230722	
108790.584352	112349.725995	114102.227980	115434.739922	115464.264489	
102006.641314	105102.154030	105954.517287	106549.591717	108828.420740	
104945.330331	105471.407527	108692.376001	108960.073769	112411.287532	
93257.943437	103486.272296	103978.924869	104670.730616	105143.253912	
107303.578380	110345.023576	110557.144543	110594.719389	111181.395337	
90407.690859	95941.640021	96615.915993	98116.999445	99326.735197	
99774.861585	100346.997562	100942.338172	101348.837020	102451.525268	
73639.700749	88777.415182	98519.786446	106689.984460	107015.863550	
98544.971434	103233.440627	104126.375299	104286.223482	106927.335311	
103962.233558	108152.705905	108984.239197	109591.849618	110453.550793	
95982.719608	98251.108150	98527.510256	102043.395018	102673.888576	
95572.456792	98815.824970	104011.515213	105098.624639	107722.558488	
88479.829272	106070.766639	107914.042757	108372.803544	110068.438714	
104481.573547	106012.041499	107396.793237	110252.990456	111396.974115	
98946.471167	102230.668245	102607.954586	102773.067880	103978.503634	
98965.085274	104144.441017	107124.875249	109417.857966	109519.516642	
88409.156652	91315.310344	94308.916406	95558.986285	99110.055482	
94361.495485	108956.640644	111215.118886	111936.177714	112811.792988	
103439.004234	105339.743037	112090.157845	114843.166601	116630.563881	
108330.780583	108767.003700	113879.403219	115735.038009	117961.514612	
100190.034651	100951.338945	102257.135507	103928.096557	104911.908994	
100170.372969	103399.169851	105128.644670	107066.396043	107073.992852	
107122.179311	110687.417886	111162.673942	111512.280816	111641.646566	
104100.447895	104309.048329	105247.494488	105788.106851	108591.837667	
100774.697249	110831.050253	112935.077030	115942.914119	116096.966266	
112058.306286	113754.208060	115274.776803	119184.292273	119364.154619	
94423.905331	98751.306896	99649.062646	99836.504262	102921.577894	
108202.892557	110137.243012	110370.269025	111026.073157	111053.103592	
106226.770282	106513.240505	106811.200965	109080.300502	110923.684384	
121612.511761	121992.884082	123686.186092	124064.706677	124905.750546	
110330.056341	122579.378022	123010.393184	124302.156059	125449.020788	
91217.958851	100748.283293	109941.052669	110612.805392	112373.031997	
96306.939972	99354.299681	101343.395013	101717.246097	102015.156043	
99159.766891	100960.049546	101297.944125	102390.648104	103178.257569	
97125.170025	103081.805783	104348.299811	104819.588514	109891.235005	
98844.749707	99788.218805	99974.415557	100232.423056	100418.850648	
95745.413864	100222.174736	101476.443309	105989.918488	108708.666195	
99175.610149	105610.953583	105730.029960	113448.711964	114326.066168	
94857.487900	102353.498750	103807.714413	104066.837678	104137.271260	
99677.263402	100993.215875	103541.427217	104511.695067	105047.491882	
