106252.230018	110879.788029	111155.472778	112037.307110	112294.827680	
89675.973247	91535.611983	96735.955257	97380.384873	102023.596741	
107117.913121	108412.394631	108619.474749	108775.323736	108974.072707	
106591.395711	111463.144233	112723.882876	114021.594319	115270.219357	
109425.219607	109935.399846	112103.067957	113266.722674	114019.595840	
96867.683091	107609.902770	108200.850772	110700.487957	110908.617622	
105951.721029	106328.118869	107278.393596	108441.263845	109200.905171	
98528.172063	102269.752717	102752.179433	104479.409551	107226.315159	
92751.404645	104166.514988	104702.639682	106448.658833	108159.471280	
93487.630829	100484.262044	104242.267597	110005.064538	110854.928675	
97837.645484	99826.526490	100401.013387	102046.461774	105662.070523	
88480.861351	95866.728621	100620.695193	101894.169708	102875.633210	
89224.972247	95056.303940	95305.131553	100569.042896	101169.915918	
106532.047564	109376.168078	113483.432971	115522.904267	116743.319619	
100637.600994	100669.354032	105817.543595	107082.235821	107797.846634	
98884.876173	103297.358603	103985.024131	104371.422807	104970.908485	
97975.049250	100078.757412	106105.887949	107122.999308	107652.256279	
102429.092193	106121.520590	106803.550693	107327.486343	108534.357771	
102067.707150	114075.628577	115395.048142	116259.420213	117469.095815	
99319.179404	101765.032014	102516.852360	107234.565535	108685.526750	
96751.962166	98249.864744	103137.503572	104186.372403	105876.767704	
93328.948318	98636.748280	101868.494050	102636.296786	103282.064644	
96469.839157	102230.759170	103357.743020	104461.846559	106531.801866	
119578.913424	121703.474770	122080.683592	125981.450996	126391.171184	
108765.946157	109668.163223	111987.779528	112361.109058	114016.815469	
103956.919809	107715.206379	109668.005160	110293.557648	112080.036144	
110572.630442	110580.545097	112174.622480	112875.075532	113630.786451	
102158.602566	102248.308977	103812.510406	105590.727813	107596.001743	
109483.835267	109569.466918	111926.725621	113067.892596	117661.229331	
93809.413066	94651.687378	95447.662458	96882.387108	99377.825130	
105759.699621	111569.196677	113168.178182	114962.366017	116861.587941	
98993.086341	103989.998533	107403.881400	108444.341264	108974.972073	
99227.509833	102509.561888	107503.922684	107860.513159	107889.423708	
117212.228906	117691.876105	117865.074555	118721.956200	118896.404422	
112734.792510	119289.732900	120506.102259	121997.417299	122610.737080	
95311.414853	95960.448082	98699.531854	99802.506189	101331.209193	
89689.036578	104417.670699	112468.970254	115073.426239	115172.816893	
117637.268824	120353.075051	123123.517623	123322.369842	124069.557111	
105173.419373	112400.654242	114147.047175	115924.433460	116544.372251	
106106.870678	107694.434242	109044.365434	110773.559556	110843.201923	
107413.893335	109318.633405	112672.537710	114565.774878	114739.567360	
93357.020550	97597.138887	97676.932747	100108.902524	101972.564385	
105855.830176	106687.699300	109934.429338	114160.861538	115034.056007	
115435.499630	117136.382962	118927.620276	120085.676703	121773.963085	
107555.278046	113878.241145	114300.501506	118296.432991	121782.101475	
97363.909244	98666.626555	104791.807134	105446.022272	105832.805445	
94975.581791	99209.015964	100394.157018	101073.009640	102644.178056	
109884.880627	115223.167997	118682.357125	119375.088650	119989.265725	
98670.874999	100263.208907	105401.575579	105924.244931	106218.388445	
92684.553549	107590.662459	111220.028522	112597.535005	113736.971518	
96680.368082	102379.117835	106786.483684	110013.440146	110094.706326	
100889.383337	102999.530727	106668.550325	106837.705152	107720.096176	
97881.605623	98208.804697	98774.596810	99039.246011	105637.574883	
107614.134323	108262.085355	108640.389355	110202.993167	110557.059929	
109919.332731	110771.930159	113094.063653	113214.761639	113700.282524	
105690.398396	110908.435087	111779.111342	114091.108985	115721.818149	
98863.405260	106842.074754	109312.135163	111018.019809	111210.523746	
107716.315865	107954.490504	108665.494301	113078.562972	114093.219778	
101250.149537	107724.747791	108148.187671	109006.538415	109273.590492	
99992.986347	103231.803542	105105.924425	106642.806228	108583.911210	
99726.059884	106411.854798	107536.017506	109782.538663	110590.077998	
99966.868647	105482.107529	109032.255349	111962.817304	113245.766697	
97793.867825	101280.712038	101381.547039	102567.078380	103152.322182	
77824.588574	88573.200974	89347.916381	93206.609745	95063.076602	
88960.690628	92071.474266	96303.066450	97456.888709	99863.393900	
93258.967919	94675.379490	95542.362388	96940.444351	97116.368741	
102798.754862	106888.041663	108985.786713	109665.634122	110873.118072	
105581.006539	107609.921496	107694.945267	112567.518880	112792.162384	
103372.995459	105256.653632	105661.575213	106614.378527	107073.585772	
102291.520425	103834.505859	105900.653855	106315.105837	106363.396266	
96814.114615	104417.498663	107293.281975	107551.144121	108827.873569	
101072.126522	101326.018853	102576.562763	103276.283697	103288.005832	
102201.327136	106927.735003	107197.232157	110032.341335	111312.332238	
90232.076819	91208.115847	93298.055558	93986.184817	97598.251028	
87019.273350	101484.253241	105834.741512	106130.866249	106230.012594	
99847.422813	100959.441566	104221.231960	105364.476845	105614.326700	
98484.666198	98551.115560	101009.112964	101621.579412	101949.954362	
103407.865092	106210.796051	107264.440299	107714.436138	107855.716625	
80347.067823	92394.820392	98924.030507	101086.974300	103701.156672	
106848.196598	106886.124718	106895.448822	107174.599250	108693.298918	
93133.350151	98180.798929	100151.349877	101894.401168	102474.955901	
109134.997826	109877.518616	111107.176223	113412.781497	115059.367942	
104843.455243	105681.789754	106195.171308	108073.836908	108124.417806	
101903.034562	103776.038226	105494.615641	105599.295987	109481.260246	
99097.044585	101739.142141	102512.464821	104365.143510	104387.312208	
101106.229184	103071.514153	104658.028526	105063.262222	106101.387847	
108116.469717	109434.689512	109734.459760	113875.918990	114279.256988	
92842.840962	100319.616053	102729.427146	104566.152407	105039.415018	
103879.682226	106186.993158	106422.452146	106436.039684	108941.007571	
108974.422359	109422.382328	109767.677880	109813.893669	110397.173682	
92171.511509	95379.728885	95988.031496	101875.955897	103892.160051	
103748.341955	109803.359802	109852.885206	110393.217734	110584.315782	
92484.804957	100043.662910	104198.309023	105293.942791	106721.386673	
88150.095045	101896.628153	105231.235230	108374.136171	109423.064392	
94853.709832	102011.249296	103991.008143	104592.400636	105749.602875	
98396.518937	98756.258900	98998.648365	102268.990872	102320.846227	
96200.767646	98665.149002	100576.667832	105160.270175	105378.020342	
117114.792621	119824.655941	120648.662416	121628.443242	121753.196944	
100583.415091	105474.130262	105808.630394	105911.961916	106417.204014	
108794.214343	111028.220281	111998.101390	112069.806840	113096.254873	
100311.236734	102773.937464	104690.369011	104726.733309	105567.417148	
91916.470617	98949.148438	101878.049502	102898.418456	103728.987853	
100827.036411	105133.004984	106758.514792	107758.888963	109650.625527	
99412.959200	100130.476999	101210.628137	102662.923093	104569.778052	
96461.382448	98135.748801	99380.760356	105222.591962	108974.659644	
103333.612420	108085.980191	108167.512482	110057.176664	112702.124396	
110895.665137	112849.878417	114287.388704	116886.541539	124636.054685	
105730.533065	108305.822068	108858.290992	110232.174779	110241.506138	
97310.940672	98199.939293	98606.054819	98809.063167	99291.236002	
95305.131553	96124.113812	100287.245218	101563.887807	102327.007366	
96116.166157	100648.429276	103530.500818	105990.359039	107425.850386	
106844.247240	118321.090916	122197.574249	122682.987752	124428.352499	
86121.348330	99766.305924	100652.670072	103320.828666	105461.962021	
102595.603774	104692.642306	106616.536672	108078.009227	109398.810001	
102493.377787	102495.548939	103742.903178	106457.484998	106787.455844	
103497.200969	107557.468828	108448.921807	112648.645215	113155.302164	
103919.121655	107482.921779	113334.381468	116225.484915	116504.114830	
90613.283182	103356.950527	108437.873003	110087.784100	110881.695597	
97774.333076	105679.556573	108659.473697	108739.695325	110898.490161	
96044.870581	104066.957804	104776.660608	104931.567269	107773.372258	
100287.245218	107853.836572	108489.268157	109960.606635	110598.813534	
100864.560687	103171.139281	104481.882353	106148.610104	106266.334545	
95471.918886	104694.270465	106235.072857	108897.753510	109138.609466	
100735.922915	101637.040310	104441.655253	105104.566444	105926.270420	
94766.480546	103061.787494	104617.018517	109074.019190	110653.905230	
109432.570036	109719.179498	118398.580334	118570.143512	118791.258886	
89734.999699	96597.989950	97160.958073	103320.060848	103516.432433	
101811.835949	102693.456817	105404.297243	107748.590677	108452.933977	
95205.421600	108781.025267	109505.076774	109681.863343	109990.382588	
102870.155443	103513.838999	103550.540872	107248.360603	110088.153208	
86166.243632	94529.575866	95550.068391	97574.903739	98197.342298	
98861.316756	106786.966989	109065.137591	110092.925197	113573.861243	
105530.984813	106759.106066	107767.778241	108598.144611	109423.194380	
101383.973832	103085.988773	104208.237488	108905.349528	111203.173910	
98010.894511	99462.774667	99748.465105	105733.670983	105743.542240	
96087.891621	104268.811469	105125.581813	105163.392117	106188.685576	
94620.661928	99845.530455	103017.678339	104626.072227	105864.235874	
106608.929770	106921.042778	107264.400891	109699.321820	110410.072807	
97459.643108	104743.952817	104924.574076	105017.429059	107324.495193	
105856.446590	108084.387414	111217.276995	113520.577216	113621.443453	
109029.212733	109428.394774	109455.143116	110440.175250	117053.139764	
99215.193113	102015.842320	102305.337550	102827.893135	102898.207617	
102520.379924	105410.812844	109775.008443	110842.045729	110918.790964	
88644.524181	100011.930538	101814.318969	109295.152437	112432.913624	
98376.157751	101381.707548	102219.922237	102448.676028	104367.858801	
110525.517199	112043.816539	112849.075627	114866.147920	115153.692265	
100214.255788	102206.489530	103849.753167	104263.572378	104418.871594	
98570.254649	101030.265312	104348.370224	108582.755023	108824.780669	
105250.296996	106623.784410	115949.668932	116747.183893	120053.782354	
120960.253365	121808.157724	124758.174605	125129.038102	127501.051760	
94589.363874	97075.856095	99155.420864	100370.013028	102201.373183	
101658.044510	108098.783525	109772.122281	110214.778251	110751.490680	
109268.220374	110329.982573	110890.767785	113393.743859	113474.224525	
98389.713954	102556.629983	104343.390905	106020.229862	108002.417064	
101929.522306	106105.372410	109851.509521	111359.937819	112098.417113	
86872.028959	98459.814771	100893.546124	100997.432056	105336.258135	
110776.192380	112279.856339	114040.471192	114317.809557	114450.441123	
101404.110825	101475.321082	102180.547363	102803.014411	104029.376587	
94126.653769	97638.683397	98993.158159	100071.447476	101989.685222	
117026.025640	117511.616343	118036.397843	120979.339999	120989.876153	
102474.955901	107448.221578	109111.678265	113161.318477	114510.686093	
104241.989808	112624.067812	113151.471038	113658.926334	114303.593797	
99073.843636	99296.842751	103425.188641	104400.261009	104566.077597	
97434.974222	100102.016402	100285.692964	103064.319944	107436.681598	
97144.557333	99728.058820	102383.404919	104711.952583	107481.038017	
116136.615189	117297.462440	117581.797674	118432.400799	119747.998681	
109574.464049	113217.955329	114455.953493	116272.393489	117983.492204	
81259.826673	98204.026953	101226.962720	102098.745192	102251.172732	
109650.268177	110404.612482	110446.714207	113567.291790	114433.435454	
111295.900352	111510.696502	111814.243169	112094.000340	112986.959257	
92954.611470	98222.823432	104732.820882	104867.368518	106585.502898	
101331.715703	106448.322317	109190.079119	109488.989314	112532.761052	
99207.701372	100227.564510	105034.173609	105733.670983	106824.859929	
100669.354032	101021.170809	103755.135034	103836.510047	103955.957266	
99595.373461	105189.807763	106719.749019	109744.399560	112056.968154	
101243.787064	107287.076604	107926.513470	108871.927279	110066.091494	
110385.283413	111074.185631	111151.817811	111369.862700	112099.358441	
96919.470699	116696.285233	119647.293088	121082.051094	122807.932884	
104360.901228	104370.694849	106624.314734	107765.853797	108198.985704	
91535.611983	92547.692096	94282.576022	96997.546710	97644.914268	
97999.707553	104907.187519	106179.579064	107140.513615	107891.147462	
94623.113402	102501.333861	102843.999567	104894.999276	104916.455164	
101540.857660	106626.133639	109275.426113	110054.013139	113095.017276	
104982.016517	107781.462817	108286.426703	109946.673772	110194.603131	
111918.407265	112197.600340	113772.879447	117181.802208	118628.175959	
99167.049197	102744.968419	103248.326881	107329.774633	109673.081734	
96631.716118	99157.509672	102915.428742	102978.380427	103762.758397	
94798.456883	96670.514579	96733.045234	99085.125799	99729.386491	
99543.264287	100576.807703	101195.966212	103357.865022	103652.774693	
102949.355524	103291.285689	104948.007911	105086.945773	105249.422245	
106770.138155	107165.400327	107390.524944	108216.857539	110044.539914	
99931.014422	100638.534327	106490.635123	108959.418862	111116.425677	
98879.378235	102357.732006	102763.913593	105778.004553	107252.965447	
102060.370008	103152.015231	103210.813403	107447.754761	108028.462831	
101009.406942	104593.903861	108993.560210	112973.399350	113511.106764	
99944.145116	104981.151402	109728.068618	110373.069681	111937.886848	
112474.703082	113958.602622	115604.330078	115894.766869	116464.228001	
97682.262702	103676.890421	105340.119768	106415.124471	107633.656586	
95530.387658	103310.800396	106463.341844	108346.267948	113293.440927	
95914.602489	96996.567148	97371.704142	99712.013208	100611.843823	
89242.047642	92175.446004	93710.196627	94223.528830	94710.029196	
105237.810352	106410.445534	110034.110004	110093.000173	110186.638280	
100706.261014	100936.476906	102378.523336	102418.487819	102545.546841	
101279.686422	104264.493039	104347.480535	105809.055484	107564.374175	
96194.474807	100098.701712	103238.081630	104539.313012	105558.946270	
96073.399289	106768.420776	108318.078324	112507.860621	114807.734145	
110590.006981	111153.153184	111988.999892	112994.087666	114367.086224	
99168.608138	106275.377238	106605.083926	108096.076056	108332.348420	
103234.634166	106974.959769	107278.647623	108310.676662	110416.241381	
98416.390010	101192.996279	101350.298089	102653.712621	102680.340496	
93260.670532	109411.623884	111354.643349	111857.471816	112596.197159	
95517.368095	102043.807432	102247.948946	104935.274720	108393.589848	
101808.429802	103637.635601	104718.098388	105002.797306	105224.542790	
92623.332993	95954.624703	96634.991010	97440.612099	99539.719317	
96545.708419	100950.144335	101055.261829	101658.296848	102773.067880	
99743.465411	104474.856278	107204.665155	107572.682294	107725.517428	
96336.151871	100217.708202	100850.858441	101294.061493	101680.648864	
104717.118363	106833.415196	108322.411994	109072.532823	109557.309354	
92454.661975	101381.707548	101584.573578	102386.266028	102823.713979	
106559.443925	114577.703935	115798.870621	116759.985032	119776.171077	
98834.612140	104086.167008	107796.742018	111082.462282	113109.405850	
100291.371793	100413.330890	112052.136134	112842.364638	112966.496371	
102939.578999	109378.832725	109619.930938	112316.999518	113680.127725	
103811.865196	108120.674327	111764.423249	113659.190832	113788.039348	
94266.679699	104760.889465	105715.970356	106648.599413	109731.693543	
83309.299296	86085.326696	97567.813594	102018.808103	105142.974588	
107641.906440	113339.568485	115798.087848	117302.430359	118176.422462	
100299.545161	104912.355591	105370.861500	105642.290072	107062.024783	
92155.358008	95748.925994	99277.304225	99675.583466	103847.666448	
105644.631026	107328.381262	109140.081341	112983.003006	114415.988005	
97329.129873	101210.535991	102163.791763	102257.304133	102711.012845	
108997.975839	110181.640694	113659.750422	114052.286637	114763.861376	
102784.600799	106653.979564	107042.213344	109438.331822	112442.602928	
100807.254542	103022.538310	103094.381895	104590.708171	109439.683836	
105148.921260	107347.681965	107736.905104	108172.881546	109708.855846	
98963.578286	101265.815216	103711.146290	104439.306395	107987.892332	
113910.371169	117560.889906	120426.881619	120564.544862	120657.520342	
107000.146812	109948.809164	111332.091846	111582.891002	113046.847823	
103102.212306	106286.581103	108640.310775	109745.233162	111987.404729	
98683.926652	105341.632616	106766.735612	107987.550622	108610.778051	
106647.761884	107269.369621	107773.021120	108197.267251	108666.804570	
100102.713632	101123.513569	103692.945949	104043.729986	105075.816966	
104174.854076	105723.157746	111458.115712	113096.854047	114011.728132	
104878.750198	106176.454088	106943.016560	107149.177646	107341.313012	
98809.865857	100087.836987	102274.400268	102811.935981	103389.286115	
98101.688548	98191.574254	104845.433592	105707.089072	106826.804684	
95904.694168	99872.089561	107340.661798	107929.380899	108399.809135	
95492.390612	103822.337710	106706.914570	107487.975581	108631.037091	
97499.749493	98516.737658	99841.849447	108506.036474	109069.379537	
111341.482240	116632.946332	117157.696790	119864.769857	120298.157438	
100983.635061	105936.482187	108335.076355	115116.363609	115402.361163	
110739.392747	125698.525614	126325.698062	127568.596331	128070.583667	
87016.601121	101436.953963	101960.632648	107671.791731	107947.668696	
95990.457846	96606.839586	99318.423472	101873.463578	101998.601596	
93359.317199	95688.840509	97153.508391	101384.087717	102432.184598	
101721.578089	105636.924053	107052.425552	107641.906440	109411.153390	
101730.848822	102521.357145	103213.019504	103253.746284	104858.651843	
104242.527377	107078.017118	107127.822800	109219.044098	110716.870603	
111826.293473	111978.646669	112393.506128	114609.538546	116631.907947	
110686.335279	112296.004371	114368.896137	114734.621715	116510.910547	
103593.314168	104738.145328	105905.040409	106478.502544	106482.274496	
90963.579091	100285.097449	100689.223369	101341.854560	101782.034675	
93541.391541	97420.095736	102107.370244	103357.743020	103657.093264	
80225.296239	100564.059548	110373.435536	110923.321124	112417.982638	
93099.862151	103033.213152	104261.325525	104812.255516	105244.267686	
95392.614411	96260.214617	101129.648771	102727.857167	104036.845654	
108035.608380	109401.780699	112167.202008	112625.186517	112825.784997	
97882.908157	99853.566852	102479.019385	102720.535824	103367.314295	
100238.258865	104152.391444	106335.203912	109846.682850	110284.993270	
92857.428362	101331.082893	105507.884278	107881.810138	108140.557717	
97063.212675	99421.852247	99788.218805	101265.820195	107691.165201	
89684.150461	97403.204971	101933.966846	102079.634267	103799.690849	
111228.790471	112493.046762	113042.084816	114604.969139	115070.210822	
118680.882910	118811.047370	119773.059074	120561.492383	122251.122498	
99292.494430	105317.426808	106085.895996	107420.358886	107674.566513	
90886.372276	96233.249330	97840.229199	100341.661214	103297.940872	
103488.365653	107300.017272	108877.506229	110067.660908	110610.691547	
91580.509064	101914.973379	102539.579200	103347.106503	103399.169851	
108719.749478	109662.798676	114287.099672	114693.852927	114718.141814	
95534.125420	98019.466704	105198.215459	106452.970628	106618.598245	
105054.468800	105240.702481	107935.976004	109758.495559	110373.105296	
103919.391969	109973.740894	113574.251269	114227.228388	114711.599903	
96550.916224	97625.304505	99196.580940	101581.202254	102325.251006	
91458.433900	96706.014371	96732.790270	97930.640639	98505.235462	
99055.254586	102386.365721	102969.956206	104829.651355	104875.918620	
104382.200508	107384.961837	109112.858023	109479.553661	109994.251305	
108704.731596	109855.383148	113632.017957	125097.524784	125934.804864	
83497.851508	88602.049419	90500.245460	93566.289376	98407.193247	
98925.672352	100606.027109	104077.417155	107692.917125	109395.465568	
103378.675442	107548.295280	114142.920761	115214.659881	119159.760770	
90015.237209	92939.383943	105134.349088	106144.387916	107548.341923	
92422.611612	95538.181285	102673.201122	105040.253076	105138.292669	
90542.983611	98019.466704	99799.204469	100088.030791	101939.316755	
91916.470617	97662.195159	99346.176981	102686.735759	104890.219756	
96990.098064	105952.024040	109671.468409	110593.565769	111342.346921	
100211.348124	101390.926683	101418.864382	103091.223334	104405.680689	
101802.010125	102355.913213	108285.996195	111008.980451	112261.160587	
99779.609613	105340.567598	107070.134576	107543.848925	108338.393089	
98403.164840	98512.701822	99392.167676	99544.970587	100553.577052	
96709.871978	98272.700926	99221.863913	99976.224715	100254.304960	
97937.408033	105234.671897	107310.856655	109002.768890	112567.837829	
102665.285311	108766.432423	109185.611297	109796.491823	112354.231861	
98043.359666	99034.431202	101051.491881	102016.515956	103579.608976	
99811.478063	104004.778526	110666.155348	110788.839562	114600.847461	
109358.710811	109799.851066	111368.723227	112997.078765	114150.249399	
98016.168744	99779.609613	102272.014560	111897.730396	112266.100876	
95439.920789	98811.614802	98890.751392	100091.877730	101784.603262	
94954.315006	100243.457668	102100.873908	103057.522183	104348.370224	
106513.185181	106635.845858	107180.682386	107224.055321	108261.042683	
94126.653769	97017.929666	100096.900283	100826.229024	102068.608359	
106237.863973	109281.373768	110125.363468	110165.153899	111353.620996	
103283.994065	104837.725896	105340.992947	106526.893358	106781.887404	
99201.645643	107210.735013	107589.405092	107638.656117	108693.177854	
111329.131574	115165.093837	115220.326892	115730.724684	118050.172253	
90732.864917	91581.533104	91987.449586	97550.462639	100451.750655	
106414.567861	106556.744061	106872.098826	109513.446519	110203.534374	
98853.304916	111797.198569	113652.934578	114211.453878	116336.967525	
102679.640959	105683.713673	107681.052713	108741.243932	108858.739926	
80627.301192	92348.682606	95225.267478	99308.182965	99969.617482	
98573.669404	100979.258918	102519.425898	103599.811186	105308.982906	
109294.328045	111549.133457	111883.289782	112865.265827	112909.462434	
96413.647447	101332.656446	105531.527958	106696.105060	108612.612057	
106761.104584	106953.602625	113425.602548	115234.754054	115403.164677	
95414.892215	102279.171352	105951.759972	106259.031783	107106.191325	
102267.106561	103122.866501	104940.334447	106010.832513	106655.923318	
101908.907007	102479.369861	105595.956169	106121.811893	107040.067130	
107470.969198	108715.249341	110265.556352	110722.441656	111002.958859	
93812.530776	102952.033476	103242.525727	104658.159253	104849.963857	
113270.687376	113462.547194	116809.798065	118135.537718	118964.983229	
93446.917171	101887.771538	103150.212668	107078.935597	108431.424427	
90397.885515	99723.425940	100696.601623	101226.147889	102447.946196	
97432.497712	99239.937289	104066.513551	105178.692689	105418.949232	
100345.970457	112150.018622	112570.998216	113244.210095	113360.184206	
102534.679960	107056.977990	107174.063705	109541.375358	110250.433610	
119278.241375	119664.692747	121160.783668	121317.518021	122044.913704	
95070.437710	104245.081479	105363.633256	107494.857495	110009.890045	
98064.586183	101655.644500	106401.233297	106419.535026	106583.605103	
92268.632118	96364.544815	100422.276250	103199.806123	104505.809123	
102227.231569	103204.131021	103561.436409	104724.932360	105333.034347	
105020.169273	107508.960181	107823.563353	108028.244819	108722.804978	
105276.067369	110066.512104	110516.830214	110727.573564	112254.530815	
108668.112026	108987.022012	112313.512705	115042.250539	115233.575284	
100389.976387	105788.639019	106099.042333	107122.423773	107760.127030	
103768.168835	104267.006559	105311.301187	106618.194775	108588.363858	
90454.184408	101516.909398	101809.798405	103300.392464	104179.213765	
113685.592018	114369.896396	114688.700889	115916.140415	116257.450701	
93087.072160	96496.890906	100802.434363	101742.915325	102176.581428	
101307.407063	102306.050159	108649.518642	111499.567891	112791.489502	
90228.840648	105883.873190	113653.377473	113920.362547	114471.463597	
105308.753862	107485.827236	108350.056796	108449.988739	110769.216110	
95488.156659	98990.382526	102040.113537	107758.681944	107892.289348	
84640.925178	99175.244018	100207.341355	102002.326253	103049.940135	
102393.278918	104991.784643	105186.759186	105486.454331	106077.770189	
95954.160203	99352.286239	99356.416068	101653.649876	101733.966189	
106684.943874	107487.003955	108103.553870	108169.739009	109752.823750	
90481.261255	92136.038167	92581.759619	98201.826639	98510.591430	
98462.986803	101118.542147	103666.969595	103996.198520	106036.692769	
118166.009230	122177.003821	122360.246842	122515.231561	123385.410325	
93992.949019	100704.201149	101969.645641	102480.424683	103512.479095	
105311.319461	106029.526077	109199.982800	111863.914209	112504.960885	
98554.051607	101793.332644	104483.638933	107034.778034	107036.124189	
93708.171743	95577.002099	97080.602248	97813.887388	99132.649802	
85379.741172	92142.865956	97864.630989	99111.562583	102577.877286	
108353.213517	111219.842289	112521.263009	112707.045597	114021.087852	
107145.633519	112731.501477	113171.134106	116104.501235	119316.073698	
108109.695816	110547.078984	113087.354931	115932.574836	116023.514926	
96289.995195	97459.643108	100540.945510	107326.504697	108421.386951	
103179.715145	110128.418626	112341.068284	115216.164249	116851.830897	
109858.226112	111134.062159	113473.994222	113841.452911	114252.870344	
112041.335525	112237.079839	112393.601349	115718.743563	116683.055707	
98333.012504	101381.547039	106411.776222	106549.351434	107727.951398	
106858.470193	107702.660949	114738.460792	115660.133630	116753.276607	
97890.780285	104208.967601	105064.860896	107932.195795	109367.248042	
90090.441858	93225.633991	94875.321266	99955.703628	100347.839163	
99093.088796	101156.945216	105303.258530	108144.279358	108186.525690	
81762.796877	97560.228221	101512.877701	101901.471967	102134.024294	
101587.236557	103460.660354	104210.078949	105233.494653	106398.471729	
89973.252946	100152.057522	101192.175744	104259.757945	105078.866754	
99305.169209	99771.600349	104429.588908	104439.911676	105398.355335	
98317.831217	103173.987535	103201.789355	104425.998429	106930.281732	
107071.308097	109868.290866	111809.339985	113207.824387	113911.034387	
102579.794477	107524.717202	115020.803438	119901.651490	120372.442867	
101306.036590	102561.781397	108807.291264	109205.008936	112042.376208	
108068.687493	109147.256135	111523.353137	112567.549473	112586.314627	
115514.499704	116520.688946	116669.013944	117435.980897	118289.360644	
107140.471488	108109.695816	108713.511405	109431.126949	109608.051688	
110099.643427	113882.767915	114201.315701	114915.325941	115706.909204	
105308.569203	109543.937566	110415.435955	111589.851746	112039.527760	
109685.541499	111038.452826	111229.973433	111660.490312	111806.974809	
95490.539074	99884.945893	102880.002990	104519.635374	107204.644015	
101390.929130	103967.111858	104186.536338	104756.997807	105209.780057	
105133.569717	105172.955389	108419.269162	109562.702587	112560.768801	
94483.161176	104626.104305	106676.947713	106995.357020	108426.284464	
93596.967920	104259.083871	108526.862623	110858.205129	111052.856280	
98588.682160	100426.385979	101140.535931	101499.400558	101967.953175	
95740.660160	97568.915955	99137.677148	100715.302877	102038.359302	
106188.187793	110303.275606	112671.753350	114015.701912	115487.016843	
105642.214287	113105.824863	113325.250559	116715.476790	116770.318825	
99299.853996	107913.044725	111923.043086	114171.461533	115047.424663	
87797.876853	92684.553549	96476.515519	105910.049487	106401.944222	
95738.481103	98626.918986	100278.065134	101466.071774	102252.428411	
101414.311687	104079.984058	113918.477600	113919.950009	117878.027473	
97423.554034	102469.067599	103577.602850	105514.689173	106619.092248	
99014.237847	100575.230480	102863.692925	103857.560918	104659.547662	
93779.251797	98594.412328	100275.577539	107409.824828	107834.192210	
88243.598637	94488.317440	94529.910743	95735.855863	100890.879644	
99148.030602	109982.544993	110574.798799	115248.602716	116732.885856	
93798.288048	95493.587668	102614.151813	102998.998742	103561.980682	
99884.097524	102557.871445	104106.001074	104731.569244	105203.934528	
97568.946820	104018.365539	106950.743142	109359.917154	110613.228436	
90318.802236	90812.068828	102943.475054	107100.567137	107526.461454	
91927.820501	95744.567008	97925.865505	98006.161763	99591.685401	
96936.310838	103772.798022	103871.047593	105646.226849	106671.949702	
93814.042572	102857.961688	103339.223581	105041.203988	107029.738589	
100205.885020	102382.894241	102516.631241	106307.885055	107055.612122	
102456.362305	103846.303884	113520.906594	118282.575259	119186.931735	
97088.670483	98317.508589	98790.317540	98829.783151	101697.414062	
91683.629105	101839.635421	101895.280686	104071.740116	104981.502284	
106527.659208	106800.269224	107752.218812	108213.265627	108235.803304	
93235.113112	96294.168712	103115.269301	106770.533987	108801.649414	
108322.649428	117035.990333	117764.755596	121145.748462	122972.698411	
85309.235402	87609.877819	95870.182946	98585.812792	100090.965616	
109911.005252	111448.039076	112301.548843	115983.082735	116817.159147	
92742.660900	100634.708005	102634.924276	102699.734783	102966.921580	
116461.671775	116537.410081	117862.543739	120050.869873	120719.653713	
88573.200974	99864.846870	103164.827139	103639.458683	103726.996477	
91132.113588	93725.582717	94867.061542	97182.368976	98116.999445	
98510.354834	99902.444940	100149.311358	101488.476561	101819.938751	
97000.509272	98056.963565	98540.827264	100032.289511	100203.564574	
108054.733731	109520.447579	110283.378531	110353.075621	110690.673498	
116696.285233	121370.121743	123314.754734	124956.551488	125827.861442	
108578.400976	113597.839317	114405.271695	114407.854675	115309.445112	
106724.118728	112467.755055	113865.336121	113995.007922	116477.986678	
90442.847951	99391.484104	103001.543553	105105.486730	105449.944414	
100324.798502	102028.033080	102724.642269	103947.720333	105946.069741	
101972.566925	108245.617373	108527.272559	108690.501548	109960.066763	
102515.096836	102906.330359	104645.338166	108112.272736	108800.033311	
104332.166845	105014.561401	105280.673007	105945.280929	107130.062976	
107740.118727	107912.781220	111105.214400	111800.353954	113801.225270	
83251.676246	109029.217982	109625.584446	110181.006174	112756.695736	
97651.583532	109576.514185	110397.476059	114193.578251	117011.539718	
96525.696312	100722.907274	101077.036826	104026.544823	105662.986309	
97635.550540	101155.355762	102186.003789	108174.988982	109614.949822	
102021.686237	105299.888398	105413.793188	105970.044941	106142.914159	
114885.693218	119173.187895	119495.765212	120815.961938	121470.085207	
101157.165496	109223.624960	109529.858319	110046.271942	110369.691036	
103870.063567	110669.847078	113087.591409	113276.207798	113500.320382	
112385.561753	112727.965080	112898.289275	113233.214953	113991.421957	
105451.136252	106022.441301	106472.116765	112248.574450	113177.541013	
87750.179558	96900.711287	100623.037620	102791.855688	104232.236548	
105099.714158	109482.921886	109681.932573	110133.813713	111595.965821	
101056.825113	101823.809691	109978.719826	110606.766721	113773.935573	
114893.485383	120121.048795	120822.056317	121912.634694	122358.691080	
92865.164294	93620.976833	94936.994955	103345.278955	105818.414840	
107350.376138	107936.417855	108859.034931	110484.427897	111163.742754	
89817.928907	96653.662229	102512.262165	106548.890835	107355.808490	
113264.834204	116952.802421	118953.443758	119521.775001	119903.707396	
97889.969824	100557.764623	105050.759038	105806.648307	107101.862853	
101969.662110	105920.674489	106162.821278	108141.697559	109673.250778	
114311.628991	118014.916726	120551.863208	123818.139668	125021.578156	
110156.348774	111220.965287	112872.813556	113324.294953	114617.923990	
102975.173576	104049.669048	106970.834854	108415.297340	108774.026903	
91393.762060	107457.889391	107470.929777	108474.740240	109765.320641	
106315.105837	107641.179631	108801.649414	109149.952739	110650.065124	
98114.318743	107918.857743	108910.820706	109262.767410	111366.843181	
98505.074075	98827.635222	99135.897387	101062.060843	101369.793891	
112379.450329	113436.189361	113996.427989	114999.193892	115264.300484	
101286.358317	104358.339879	105202.838357	106837.822568	107764.716801	
97651.854170	106054.412383	106455.359158	107647.117657	107987.390492	
89473.868885	90403.999932	93153.528115	99145.515657	99947.577710	
87596.156817	103305.423447	104808.797724	105484.029129	107499.511563	
99950.872297	101219.954951	111094.318095	113051.149451	114221.350531	
107488.495664	108070.070418	109512.338796	112327.907097	112372.049744	
103013.721118	103043.573878	105737.307311	105796.331796	105988.425704	
89706.623751	104509.702564	104823.240446	105098.212759	106517.229264	
105862.656732	108010.358736	112205.257171	114113.073761	114268.325462	
102501.094387	102588.048772	103428.063982	105012.800775	105486.918078	
98136.189906	106660.289209	109619.168288	111603.712005	112813.233734	
91422.184682	99273.838712	99529.648237	103594.305615	107170.118453	
105785.986148	106468.220042	108028.244819	108514.983757	109255.835928	
80691.853720	96641.832971	98251.108150	98902.828141	102711.976920	
91911.481328	102972.004845	107360.802847	109081.106357	109108.083069	
103741.626273	111994.543744	112219.129506	114696.564068	115180.266708	
97019.734818	103905.551836	106276.831734	106317.388309	107018.954929	
107476.083523	110082.120565	110545.746596	113741.753117	113843.452455	
101904.799432	102253.255268	102281.010845	104168.855307	104309.921828	
92599.027818	93017.700683	96740.890128	97443.240232	99678.715462	
95984.861174	102005.847294	108811.492206	109748.515232	109769.139906	
100419.632067	100827.263269	102301.752277	103761.524758	108660.646635	
95079.949023	102079.985103	105888.074583	106010.832513	106227.497915	
106040.856850	107033.406130	107520.773453	108290.462133	110375.180816	
91580.509064	103061.062215	104826.855220	105080.594770	105566.753163	
103511.916462	105252.921372	108101.371080	108385.296787	108869.184135	
108380.139139	109353.915591	109738.536845	111595.478287	111663.019630	
104657.623565	108893.778698	109591.065773	112693.369903	114428.146869	
87825.982726	94946.662931	103041.139226	103314.450698	104715.121641	
103112.437025	106289.016293	107133.658260	111052.740143	112126.353331	
95784.441707	97177.769321	99175.610149	106442.564265	112911.828909	
98228.759719	99042.914465	102650.130684	107592.410883	108635.482875	
108018.076441	109281.418274	110179.140771	111052.423853	111334.792817	
103275.592209	104170.385583	107341.530696	109244.433124	109730.049977	
104105.356675	109905.165057	110500.782507	110958.912619	112229.909912	
102335.234056	105723.901285	108051.066100	108168.792220	108990.446349	
87635.567886	95709.713499	96376.561313	97263.610222	97316.890157	
95876.990516	101694.934147	105223.515755	107130.812564	111318.943435	
103576.330486	106379.451229	107357.740140	109409.707956	110036.718353	
107572.204232	110417.353365	111205.153031	111256.671667	113081.976211	
100565.716062	103107.351516	105053.564805	106062.506812	107220.911792	
100930.990222	102729.897945	103306.110333	104314.647144	104508.818874	
95741.729772	99948.188775	109122.003669	109621.895272	109917.735028	
100154.902005	108035.166575	108130.022886	108257.178320	110243.896897	
103237.004461	103569.533452	106038.089755	106111.143563	106458.381673	
100038.733114	100741.481460	101946.694293	104355.548356	104869.120835	
106003.794225	109120.553731	110763.316148	111058.322408	111247.699052	
91943.622058	93648.000887	95013.082886	97132.298723	97413.708941	
98954.487683	105798.137114	109220.306821	109632.811715	111273.183050	
102206.745870	106616.128052	108871.999512	110703.653422	111086.868165	
102998.862470	106430.552412	107476.143217	107640.465826	109042.526191	
95250.827476	97908.262462	100703.529007	100946.949535	101272.279362	
94044.384959	100185.155029	100945.694970	104822.950744	105459.142665	
103443.412442	106661.121318	108452.071932	109346.382686	110229.866203	
104391.616977	106805.485050	108726.496853	109973.178651	111168.592219	
91500.542036	101902.325564	102117.969335	102151.713825	102619.741091	
96407.359851	98757.840483	103361.571598	105772.136508	107957.704842	
105865.534270	109283.255031	109859.374798	110610.633343	112607.217047	
102140.223486	106250.471490	113968.618150	114744.579223	115223.986352	
99441.119312	102673.546518	105199.970456	105445.116156	106509.525818	
93372.474627	96511.298148	102090.053639	103563.390948	103798.915956	
109897.024829	113393.181891	116265.294249	118006.389278	118692.966816	
93493.326741	101791.728688	102182.789771	104133.085553	104176.763453	
99348.639187	106254.283187	107018.037118	107658.695046	108614.716898	
93969.377999	107543.694277	111153.762588	112608.659682	112613.483834	
102463.772680	103961.500028	105244.884666	105327.626081	105486.918078	
91673.823584	97567.813594	100788.247463	101872.073366	103447.468613	
118302.118461	120763.797434	120827.041284	121469.939042	122476.218926	
96417.162666	97963.966353	99664.222402	100556.302663	103196.306757	
90598.000225	103503.135910	107790.161193	108744.006765	109136.837521	
94987.776028	96472.302767	103572.852640	104599.242549	105229.658330	
99533.493977	100623.593742	107593.883055	109144.742912	110808.578153	
98624.563354	106137.914630	108163.611295	110154.357703	112660.750205	
106716.423023	108881.283535	109515.914099	109574.697611	111245.605323	
90117.970977	99978.238258	101184.205891	102298.679162	102747.310228	
92756.781351	101048.903364	109667.086378	109799.154538	111360.680480	
104576.520160	107945.896647	108591.401035	111680.239223	111781.283173	
100885.565464	106123.799207	109163.120824	109860.542523	110580.822753	
103473.883757	106320.937879	107558.474788	107773.021120	107792.918275	
86672.091176	94908.630744	99191.027925	102388.810134	103437.080479	
97406.004811	98371.217882	105593.389356	106013.806134	108758.257253	
110407.784896	113205.298807	113941.988528	115255.091957	116802.244880	
103940.276217	106306.682963	109692.832108	110250.665443	113364.898274	
101703.865045	102324.094798	104860.215254	105100.998602	105104.039047	
106419.086673	112977.199937	114121.359559	115219.084085	115391.201854	
85163.460028	94746.498682	98222.407440	98606.054819	99948.729010	
102807.640620	105185.872104	108721.625005	109807.991477	110903.893843	
101597.065026	102859.033408	115117.099719	115736.443790	117099.436696	
98139.086452	101547.049443	103350.593612	104280.339165	104624.729182	
100154.902005	104178.336060	110037.186513	111266.547678	111786.267559	
94524.780551	100964.569238	102424.572535	106325.146547	106987.045574	
112947.531490	114293.990010	116958.868182	118528.333272	119018.330793	
110348.047000	111339.982960	111749.432964	113053.713124	113274.203457	
116302.028660	116508.391269	117537.492283	117745.458765	118044.344971	
104930.050555	108247.111993	109509.724413	110525.273968	113629.117112	
97050.543894	100190.034651	102790.905525	104504.308419	104774.352561	
98545.698227	99445.613863	102569.959967	107651.043397	108091.520047	
94703.023047	104177.451053	105526.528865	105768.456256	106763.953886	
108399.809135	114488.123234	114687.481772	114839.096560	115278.648349	
96208.403312	101638.392544	104206.198525	104358.129858	106096.579770	
106937.901089	109394.666366	109398.984115	109502.206960	110925.245019	
98970.064739	113015.903118	113496.493032	114258.198493	114775.758271	
95963.940761	100593.871081	101098.179912	103601.842435	103658.155645	
96888.254846	101934.447200	102077.325892	102800.770183	104303.504397	
105712.173990	109611.219012	109982.966470	111935.392406	113508.522047	
103325.045714	103989.998533	106379.451229	107049.180790	107188.781774	
87187.415188	100805.921679	102600.796245	109161.705986	109730.439235	
89778.746830	95957.463445	97054.193431	99045.364556	100404.641799	
108198.587477	108426.562868	113381.513399	114390.703266	115476.954472	
93127.698922	94725.536432	96063.991800	96659.895672	97840.229199	
100830.261475	103493.109188	105554.122539	106029.816459	106381.799582	
107430.530781	107449.980220	108440.449762	108685.556849	108911.298182	
103687.432209	103753.127249	104868.371001	107845.303969	112024.244337	
113486.752612	115888.817943	117112.432511	119666.575578	120431.119398	
95590.047611	98479.311501	104135.867501	109448.647821	111585.695014	
100591.300847	104924.627172	105376.374786	106421.192374	106489.796634	
99512.852836	100110.370780	100892.353922	102129.025737	102575.241836	
96772.565733	97107.521373	100139.340592	101541.099183	102484.746849	
101083.817482	104832.715304	106205.367083	108558.562732	109592.880031	
111301.452262	114535.312360	121354.013769	121493.066696	121631.096311	
108708.770731	109644.622002	111297.553000	111577.116586	111956.029467	
105305.151082	109526.724587	110422.937598	111311.178084	111419.093475	
103982.855684	108986.312356	111094.984569	113277.223402	113391.478812	
96036.542992	99033.225615	99739.434827	101468.535063	102675.337853	
94254.587656	97948.666237	100581.976825	101644.643958	102731.806990	
104259.635202	107682.240812	108979.805448	109060.418843	110517.739780	
111820.810098	116552.010080	118810.135918	118855.614528	119788.788120	
110642.475696	113637.921193	113815.609845	114549.571992	116294.021674	
103818.857907	105580.640096	107512.108852	108559.144451	108944.850424	
103076.597247	110350.197395	114184.980846	115982.307928	117032.858366	
102248.545718	105222.055569	107171.408875	107754.045655	110096.149119	
101608.881861	104561.006300	105841.223177	106605.734552	107379.548318	
95467.234387	100489.093082	102348.642739	104771.714510	105269.260893	
84868.699197	98779.563918	99926.480573	101207.646117	102357.026094	
102491.161870	105264.369632	106034.479059	106673.831936	107458.711900	
96908.468083	98535.541175	104260.917305	105113.999046	107578.043015	
104778.208077	107161.287540	112595.483290	113890.509397	114669.879845	
90780.973900	91873.495075	94136.748652	96303.305646	96364.544815	
96035.135188	103885.127351	104166.514988	104604.448376	110090.936655	
106937.154231	108581.122165	109524.822564	109829.653896	110036.429755	
73884.131923	95520.440572	98390.057553	99124.631464	101860.414740	
100274.861013	103935.065789	104184.291194	105686.143590	106548.749964	
99538.676721	99723.535235	102533.914750	103496.287302	104779.908779	
105059.314997	112496.309390	113479.950748	114043.425645	115049.241055	
107046.033478	111085.060884	112193.164407	113069.995311	113592.870889	
108107.533165	108220.142078	109084.102257	109389.829098	110057.053558	
104932.684114	107388.909861	107775.760589	109007.529970	109990.007268	
99424.036309	110814.158541	111506.183231	112621.848358	112971.902034	
106252.540709	107546.705587	107804.069690	107807.678520	108175.771921	
90155.688751	93382.935211	96309.281620	102150.834628	103687.901008	
97428.597931	103340.352909	108132.602725	108562.121975	108924.559775	
92114.914965	96116.846632	100948.352083	101507.397903	101787.523278	
95635.079379	97452.717722	98521.580467	102094.008468	106306.651214	
105233.214770	105813.348352	108561.198382	109548.812901	110062.204766	
107583.576296	113698.121642	114682.164176	116537.428473	117051.594386	
93416.416993	93731.423399	100416.221474	102750.653958	103888.391962	
98363.860330	100581.922577	101386.300504	101978.010945	102820.184107	
95958.553165	103486.474661	104977.473986	108273.067084	108681.091530	
82406.424706	92942.038183	94743.816342	94982.399064	97160.936114	
113537.538658	114650.708547	114927.374606	115646.223144	115708.511789	
104746.742850	107618.956912	109915.674910	111612.112691	112034.169631	
112107.950402	112225.708233	112418.554330	112989.338479	113184.508662	
95031.801970	98672.185603	100774.028829	100848.039060	102451.358886	
115275.464271	118636.776978	120556.778999	120804.143395	121313.992280	
94381.820914	107442.147550	108094.903185	109212.645165	109945.115281	
105018.850749	106454.846631	108080.509379	110445.734773	112556.420389	
102014.352531	110399.341954	110529.499334	111888.872736	111945.111209	
93046.156513	94642.031290	97243.673438	97246.304148	97882.908157	
94718.111654	101440.524937	101744.038155	104016.018680	104462.999212	
87137.907589	114688.253467	116173.974408	117472.463161	117539.117503	
96174.351951	105199.532486	106868.600831	107508.194179	109579.848031	
102038.895040	106538.390360	108683.398343	109858.969180	111888.551136	
110829.010365	111091.671290	113867.550253	114626.267405	115640.464962	
99360.909891	105203.360286	105486.643245	106652.966595	108112.852774	
109846.908345	114418.081081	115590.299200	115784.283655	116537.942473	
99220.549688	103899.615195	104159.046873	106074.523400	106293.199441	
88223.693097	96155.242735	99354.587199	103662.490378	107173.241396	
99578.019162	101147.462030	103653.541735	103885.480055	106186.643550	
113907.123291	116585.872922	116822.294204	117558.517727	117752.150032	
109378.894224	109762.458835	113168.708810	113257.921903	114698.493296	
103366.386703	103901.359246	105112.738166	105299.888398	105657.219052	
99223.018793	108339.961748	108814.220807	110556.874777	110724.894471	
88223.693097	92954.611470	96446.026252	97422.696219	97568.202011	
104843.455243	105490.516891	105704.990499	105772.136508	105833.981510	
102234.296711	106584.227142	110050.204301	114011.627228	114717.495354	
104033.741331	104269.698781	106182.977245	107001.536476	108256.025002	
107618.195790	109327.112546	113860.038299	115925.934562	116243.557396	
96032.769391	99064.125368	103403.071597	103414.829378	104498.851457	
101213.484769	108310.751296	110035.603537	110742.816956	110753.069337	
95956.567829	96742.940797	102493.061627	102711.427870	103164.827139	
94322.561147	98140.607637	98227.372778	100311.802098	100801.086224	
90540.702919	91919.998893	96607.634793	99222.423009	99939.670487	
98408.499693	99563.236438	100401.658583	102202.693398	103577.182808	
89384.129956	96620.499892	97922.904475	99759.867743	99769.955933	
95911.413300	105315.223054	107618.195790	107658.814780	107686.471227	
100721.292951	101022.096394	101765.204885	102659.180854	103556.352874	
106518.278158	106832.124417	112795.251135	113694.584983	114394.149393	
100913.966500	102417.902865	105183.887864	107528.103258	107649.703588	
96220.072913	101556.663948	101781.515087	105169.098177	105799.721104	
113282.451511	113301.012379	113444.819157	114491.339594	114535.048042	
85518.185271	101337.848431	101747.599264	107490.174861	108332.348420	
86095.682599	91240.422799	106056.845085	106677.040065	106989.023909	
103146.138776	105077.210885	106439.023579	106669.510285	107017.462905	
87259.353834	89488.901673	94345.393047	94346.800824	99465.986016	
107730.255972	108076.210086	109364.757047	110994.736512	111555.546141	
96833.312002	97542.991060	100409.880976	100853.358642	103288.005832	
91844.966587	96030.102778	97701.651632	101939.458722	102564.445829	
107112.889601	110944.839979	112260.322415	112421.884141	113213.688734	
95981.170337	101641.447860	102116.320872	102186.003789	102226.055446	
93759.575917	94470.955065	97618.456952	98983.689974	99607.125885	
86452.396635	92099.745941	97746.007992	98183.404394	98744.044388	
104832.686277	106738.030822	108682.698216	109571.572136	109589.199009	
102589.249677	106798.936070	107508.524624	108702.741712	112493.734274	
105432.295569	106886.539941	106890.193289	109677.989771	110414.975084	
100734.615664	100799.763147	101293.049589	101637.955678	101783.382599	
88191.534558	99627.405576	101500.466102	104505.342501	107532.639722	
97176.880110	97574.193915	104937.412201	106341.495869	109316.243280	
106262.336355	106475.460038	111267.297892	112569.651879	112871.693711	
111658.853974	112210.648647	115948.450181	116204.160212	116366.393570	
89748.785758	98549.732479	101503.811601	103112.401873	105091.615291	
118003.977087	118474.098680	120679.198290	120822.066618	121362.311651	
96041.144875	104757.125513	108130.647227	108468.497593	108522.158314	
98908.054134	104490.806913	106876.123286	107489.386921	108289.742418	
102703.396209	102910.276131	103170.187921	103377.627979	103389.635648	
90201.959016	94764.932413	99540.498964	102935.810016	103814.895661	
99055.423659	102685.114082	102836.955967	103225.432424	104176.014462	
99084.241722	105796.266345	106233.868686	106562.072472	108126.494757	
92233.354517	102746.038194	103160.053939	105652.559137	106565.003139	
105135.030429	109734.322494	110213.183006	111066.399260	111379.705590	
98501.363116	102611.633449	107292.188681	111121.530253	111240.733078	
88636.758019	99993.532540	101142.552682	101326.781773	102121.152452	
91630.097456	97100.391499	100145.272140	102538.623092	102589.551304	
99401.812066	99579.317351	101253.886636	102967.688545	108394.260956	
91774.986959	95226.558274	95569.661137	100986.504242	101633.655064	
94503.428358	94807.280790	97645.415950	100715.848515	100839.059047	
100532.206314	104529.081147	107566.102392	110718.239446	111612.188607	
115772.423105	121049.396805	121516.069034	123077.129486	124169.831129	
90860.179948	95530.514197	97576.677789	98513.836691	100606.027109	
89862.847179	98377.640435	98623.732126	101018.588807	101408.033392	
103469.562523	110230.343916	110864.486056	112606.898526	113018.445570	
101511.582988	102732.810250	103911.762488	105602.455568	106165.439776	
109572.111248	112559.386673	112954.916390	117120.413140	117259.245719	
93951.624427	99043.310340	101584.840586	102760.871870	108505.107927	
94349.417605	102967.323458	104196.735480	106167.049457	106479.594525	
94059.962761	106648.656456	107591.615713	108646.486596	112872.576911	
88960.690628	94118.749240	95935.241621	98428.704639	106190.851753	
107316.404719	107335.160113	110099.782608	111661.923164	112256.832249	
91753.031816	96485.072579	99673.304350	102374.071362	102919.278912	
94970.428657	96696.580531	98830.984048	99203.538788	99259.067631	
90189.315924	97970.994348	101082.087428	101087.946199	101930.132336	
102319.578369	107123.364573	108873.667985	111856.921614	112480.253477	
99578.432164	102353.750066	104907.404205	105551.099241	106084.761696	
87005.110209	100747.339187	103910.360631	105850.402390	106085.755964	
103823.445067	106190.752552	106974.585094	107499.932478	107758.242073	
93597.406080	94089.872876	97381.875503	101051.417758	101822.595358	
114744.865824	115174.182902	118337.639806	118514.361376	118714.877573	
97556.984346	98203.099731	100952.489710	101053.330915	103009.105838	
98318.029948	102781.166359	103998.270823	106382.594646	109927.470780	
97656.624028	104073.191772	104925.190116	105338.940417	105343.574522	
95283.867290	102601.600809	105530.226631	105600.477828	107189.141293	
98144.394063	102348.643518	102850.288371	104453.126649	106203.213771	
106680.501978	108345.352828	112566.874301	113223.310293	113995.076560	
99893.245012	103372.815560	106244.291121	107135.367086	109208.241639	
86311.112580	91157.515760	91419.670891	92324.789150	95398.515224	
99014.237847	106100.060918	109170.762126	110946.718315	111799.926183	
97790.395021	101161.910347	103608.402817	104841.452266	108128.051081	
91177.934246	91592.308870	95852.176932	97415.787598	98353.850821	
113282.925993	114001.599334	114818.525648	116844.223662	117587.419073	
94172.295501	104572.540601	104638.995047	104939.014203	106559.494554	
101507.574097	101874.184802	104368.267780	104712.986463	105323.455120	
104378.981161	107026.117796	108420.023330	108641.378946	109285.108585	
101824.340061	102121.850363	102542.801734	103776.351549	103816.027017	
99982.591125	106452.572367	106624.314734	110021.043288	110592.724778	
105335.704305	105774.340589	108545.262886	109579.224618	110853.299497	
99043.777264	103957.207874	104160.730692	108517.204536	109220.434359	
93771.249606	105540.785837	106367.565398	111959.575827	112146.207346	
105361.161404	106754.988759	109733.354325	110884.708215	110937.836247	
107604.074584	107897.626545	107973.893324	109702.402791	110077.805744	
92361.552970	98820.319964	101966.774275	103172.694209	103987.096450	
101543.767147	103687.041594	103939.811191	109975.382398	110293.569006	
79523.594283	89460.365354	102810.898347	106183.506749	106545.555471	
104015.508739	108211.967252	109408.106917	109621.788845	109745.633363	
102424.930201	108276.807779	108314.883038	108692.373497	109087.996835	
84152.052488	91165.210850	92653.515562	92824.069600	93830.404366	
101225.816048	101957.444666	103437.080479	105214.478733	106674.713057	
96817.182380	105855.131676	106036.664479	106441.468161	107300.305139	
84291.671389	90489.080408	97029.957320	98941.292480	101454.734156	
101150.735119	107506.064212	108681.700342	108787.977325	109857.736610	
99645.661014	101913.088640	102595.381509	102598.895034	102637.566684	
101141.185723	101785.151456	102170.995524	102621.265136	102790.095392	
101589.274052	105620.416307	107208.926481	107266.392777	108398.506137	
101030.999005	101749.350821	103170.129308	103226.017269	105853.528428	
81972.951743	96927.547974	99637.568872	103473.883757	104408.487344	
87842.852273	97344.192322	99579.970619	103163.254973	103230.463637	
90758.757864	93539.620669	96483.942009	101413.017576	104346.382235	
109192.652575	114590.190442	115716.207140	115889.003348	116262.831826	
69604.545546	95353.888945	98800.540354	100026.751755	103803.516379	
87732.273634	90699.855990	102705.526863	104470.726517	107254.791644	
90666.397595	92413.647615	98573.823716	98776.826241	101327.541022	
100960.049546	104163.978777	105040.936825	109456.895891	110499.194126	
98411.242122	98977.765711	99625.647448	102621.382142	104548.826195	
100476.394518	103752.028971	104001.548952	104553.246993	104883.739398	
99153.035681	99167.996736	99613.637133	101309.912059	105217.535887	
91830.148961	99275.125879	100807.382368	103157.018366	104335.482333	
102492.513467	104132.051012	109934.369935	113425.950263	113728.253296	
105038.524530	105223.681920	110744.773923	112295.880670	113447.424066	
106155.289892	107978.166111	108997.390676	111015.827734	111920.055928	
95379.739911	100907.309652	102784.341451	102906.079521	104907.776410	
108695.461498	111025.769567	112297.801499	113639.720404	114392.345107	
96621.142070	106408.161493	113736.955696	116532.380385	117227.905952	
100052.248234	108359.253589	108408.663948	110097.569853	110371.332743	
91472.584240	91539.607880	100510.934417	100546.439467	103400.530698	
101595.348639	104083.228916	105356.727012	106754.213028	107737.203212	
102282.911671	102923.594027	104409.378012	105610.492017	107462.675921	
96867.980812	96960.264014	97620.220721	101019.331962	105245.064104	
104391.945184	106365.743792	106488.295461	108716.488721	109479.517624	
86833.439807	90205.127783	90478.226839	94310.365216	95646.099766	
107258.132716	110971.482996	113757.167820	114815.608809	115225.639541	
93308.448531	104987.971726	105106.873337	108390.107546	109441.213334	
95878.996065	96383.755528	97428.597931	100486.496810	102007.555839	
94418.085361	95650.271005	104720.377746	105998.407582	106124.505828	
106666.317759	114420.164535	118461.713102	119076.969015	119452.819939	
97676.534198	107272.913883	107830.582026	108836.303877	109255.002316	
97088.867686	101946.199043	102038.895040	103299.331844	105648.613809	
110552.710702	112158.425958	113478.955002	114710.711906	116234.835679	
104633.057809	105943.078654	107479.548433	107940.288387	109531.689173	
103245.227756	103373.150568	103441.229543	107074.796735	108534.194680	
98105.647348	103572.734599	108092.018581	108345.352828	112929.292417	
92555.789760	95490.539074	98498.140819	100185.152888	101959.670581	
99593.813699	102201.697707	103918.301622	109359.569282	111610.310159	
116985.426044	119353.998180	119789.545280	122898.948534	125065.174595	
100623.593742	105291.190673	106386.194327	108053.871988	108563.872631	
103210.280299	104027.626239	104964.723601	106623.642610	106949.465379	
102760.410655	108405.921246	113512.639300	114173.670450	114583.243373	
105394.104680	111974.385100	112333.031987	112830.322546	117198.446120	
105291.476266	105987.927272	106032.738911	106263.123140	106503.674428	
96292.076770	100313.551642	101239.445721	101998.418812	106406.317272	
96273.355436	99385.399898	100190.371780	101086.974300	101161.397253	
92294.900203	92774.622269	95030.409744	100909.272009	101408.033392	
96255.008672	96566.108279	98710.978178	104011.401501	104354.089243	
105809.386126	106272.932598	107385.201885	110072.605058	110783.163687	
90542.983611	102469.651114	104982.573422	108776.218175	110282.141523	
105639.603826	106820.242517	106836.863678	111776.648051	113511.246632	
96818.469357	97353.913776	99078.562059	100216.109879	100883.032469	
108165.086126	112669.999718	114708.858289	115622.234413	117619.505851	
98571.495390	99434.274565	100211.348124	104275.585191	104499.003617	
97935.321861	106285.238545	109756.750198	111440.093872	113059.519381	
109047.532746	112942.807609	113795.156886	113960.154316	114021.829072	
103009.011187	105186.100664	105244.531704	105359.049229	106615.727961	
101035.010043	103573.366695	108042.819455	110231.534402	110802.736430	
107037.725814	107473.275411	107637.035764	108001.658772	109445.950284	
105643.346509	108681.998772	111715.762098	112639.753244	115056.277585	
99319.179404	99774.861585	105195.348690	106002.857858	108414.245905	
106754.067285	108273.107582	108564.229135	110116.375207	110386.642357	
108932.034728	114050.149930	116118.025536	117991.760807	120631.259268	
95069.035752	100454.366057	104363.039186	105539.558530	106911.157150	
91500.368877	100135.988447	100410.913578	103686.217972	104274.484910	
102258.266902	109391.354806	109955.472126	111768.461912	111868.975330	
103567.016656	107682.417124	112984.815723	113513.184386	113588.142878	
100708.659876	104429.863727	105317.282016	107023.859975	108045.024641	
101419.535237	105359.552830	105855.708342	106057.660406	106513.439612	
93950.266629	94426.682395	100690.622840	103359.713810	104499.760035	
100682.709030	102529.759696	104713.591966	107207.574829	107452.288492	
119224.784840	121012.544621	121475.510105	123233.701186	123341.754871	
101518.829671	108232.406220	110227.599488	111971.656890	112981.775911	
103206.351555	110446.389226	115029.302943	116871.511515	117970.812024	
102334.255772	103141.223071	106885.418652	107487.448910	107569.938517	
102306.050159	112376.286955	113936.149459	114481.962281	114815.921517	
92788.640739	104612.266269	106052.861324	107000.599884	107293.963946	
103083.797026	104525.239411	105504.385276	110105.194636	111861.133585	
102306.229400	102764.008884	105750.665967	110848.180049	110921.092993	
114395.183939	115492.528126	115596.476897	121320.404698	121393.717754	
96680.368082	101052.300215	102325.531590	102970.636010	103772.798022	
99043.310340	99576.235119	102571.737492	103304.588414	105871.532957	
107140.602974	111562.893857	111987.831874	113305.781163	116270.183549	
101377.769517	101985.696621	104570.028576	104793.005467	105281.607545	
109526.850163	109557.776371	110641.978437	111922.242320	112976.166837	
104403.784999	107257.775345	107873.821093	109357.698041	111117.680937	
101798.729722	102483.984968	103296.327986	103574.785708	104377.649148	
109050.064585	113565.592498	113921.525702	115771.234893	116426.378892	
98045.660891	102935.703656	105654.954896	108870.837432	109197.955193	
104352.474405	104982.360420	106562.809833	107784.145238	113216.772169	
97094.119629	100541.369168	101881.778627	102310.291288	102974.109413	
102060.176468	106508.863504	107984.700792	108966.828759	113717.741852	
99810.078130	100806.663395	101066.001503	101904.799432	101931.559760	
105316.048229	105899.259408	106906.420444	108133.898053	109071.085063	
107450.688331	108917.227623	109582.646332	110199.662990	110443.993778	
99642.006632	102296.192013	102702.119008	103034.787338	103547.869838	
91515.871711	93136.695229	97392.634025	99501.344042	100603.384611	
102807.009120	111098.567939	112966.163368	113845.169114	114187.480085	
123802.672229	124892.427005	126560.994810	126788.747350	126803.656838	
90349.275274	100357.998531	102112.451448	102657.029397	104700.507232	
106041.067053	109552.176624	112275.984796	114234.647937	114665.219526	
118485.137124	120665.559074	121009.378029	121847.792920	122655.680738	
108390.107546	109215.660683	111990.350561	113012.751192	113203.161431	
99535.777917	105673.971991	108471.527350	110381.140900	112069.295564	
81843.380362	98820.319964	99607.799742	105187.999563	106823.767427	
109044.224958	111613.015306	113348.581376	113366.484826	113509.561460	
104868.273678	105168.206398	106258.072044	108960.347931	111014.729882	
91816.871061	92254.530885	97270.145539	98910.876809	101430.289574	
83023.088558	88627.185749	91137.621699	93231.205778	95131.907164	
111094.185934	111429.079713	111766.320206	112190.599027	113996.014877	
94880.174245	96463.487539	99123.900806	103972.132691	104488.806380	
94392.490185	94721.882170	99208.923367	101548.057313	103404.605621	
104993.160265	107412.120948	108900.223446	111064.749014	111575.604932	
96980.087249	99097.189302	101386.502407	102970.335586	104875.421107	
107155.832177	116964.214914	117697.561556	117981.440010	121241.873847	
85199.267338	97406.004811	99196.134961	100699.559165	102412.268392	
106250.994231	109089.219211	110733.381544	110853.201439	111732.103452	
100268.457661	101077.307980	102255.137214	102804.648241	105962.739811	
96365.732239	96661.025966	101709.956091	103142.157919	104683.599846	
86677.028776	87554.403936	96020.699881	97485.851424	99955.931135	
104237.905447	104603.543894	105938.213120	107398.670687	107538.230512	
93190.610940	96875.119611	97770.030196	97880.733616	99038.620803	
105979.264022	105984.986530	110061.055468	110817.850971	111150.763969	
88215.285578	98367.820138	101896.628153	102108.903957	104157.919894	
102327.462335	103933.712402	105563.227695	107633.189108	108330.098313	
97359.385565	99457.433027	100498.703056	104005.189256	105345.735455	
97121.569775	104589.196223	105098.624639	105186.301083	106460.409524	
106390.738703	106712.679394	108900.837946	109507.990554	111258.570304	
86341.454386	92569.764075	95578.746136	99844.046381	100336.289941	
99534.693138	101631.967116	104612.266269	106485.005912	109281.814541	
95953.308305	101647.952418	106527.102824	106965.462262	108109.875485	
100084.839116	109070.892559	111493.465995	111591.167186	112438.750740	
107359.372845	107483.408035	107502.086390	112010.570920	112951.534707	
102562.156181	108669.958656	108842.373736	109887.382447	111922.914544	
80834.078873	97174.721228	98519.786446	102212.468685	102548.023298	
109551.505989	115371.819812	116654.714395	117105.559263	121064.368469	
103962.233558	117404.984065	117483.638702	117720.828895	117871.903330	
87978.714520	92120.674609	93637.189162	98527.604360	99644.526640	
92615.581638	97441.839537	102294.514559	104337.228743	105743.945744	
100207.341355	101185.065843	102038.944148	106021.475956	106393.326439	
98505.192797	104686.818713	105702.943461	105811.613827	107133.581786	
100521.143868	101520.977701	103537.014155	105476.656908	106532.200538	
112661.641065	117794.441255	120571.848785	120698.181826	121688.754716	
98056.963565	110065.356403	110278.061525	110851.518106	111906.882854	
106842.310678	111743.533541	112263.128256	113813.734638	116147.432631	
99366.458950	101527.837930	106032.571646	106331.873045	109469.694628	
103407.193255	104005.961396	105113.013410	105368.979889	105886.892420	
108473.058009	112635.386734	118063.691598	119488.998981	122354.359943	
108166.235971	110411.602671	110743.277267	111319.347989	111849.771443	
103552.010490	105527.492046	105952.095466	107840.907379	108699.988449	
105818.414840	110137.495762	114956.585396	115413.233576	116076.316791	
96070.425766	97552.275270	103702.929145	105439.233317	107403.979288	
91664.320593	95035.030277	102434.847682	102511.169603	104104.894613	
99330.264171	99599.519710	102513.959469	105277.580516	106169.684922	
91631.678294	95062.028537	95942.457071	97581.741774	98280.897321	
97861.720705	99971.833996	100000.378009	101274.400779	102055.746547	
110707.859629	113534.952768	114393.119279	116572.276782	117110.849817	
111281.465964	112889.606369	113933.483243	116417.299885	123545.683629	
104403.951750	106758.854418	106816.724802	108488.454630	108835.786232	
89679.996696	103176.408415	104040.603245	105797.315918	107332.112094	
96864.324023	98277.269660	101219.846269	102387.498029	103865.941457	
97074.888274	101414.311687	104188.293274	104348.306455	104436.456529	
105426.605923	109180.814158	109514.189505	112173.536431	114573.515803	
105787.282633	108837.434911	112039.960699	114512.470041	116599.367920	
97625.236991	102300.652572	105056.599686	105945.349898	105967.258901	
86013.500498	101057.007149	103579.780856	109496.088372	109671.291009	
99329.052814	104514.790618	106187.253566	106540.229163	108359.541261	
114556.023173	115563.837794	117131.001068	117494.718974	119843.939251	
106248.453434	107327.493443	107456.440062	108159.183460	108783.673272	
83421.028005	84600.279650	96899.095708	97266.446178	100931.619151	
98171.691116	99591.508747	99848.397266	101509.733650	104878.514237	
110718.239446	110864.386971	111073.712892	111493.187448	115492.932469	
88114.250636	96083.702277	101829.238909	105034.418896	107678.026898	
94302.757166	102546.349071	103974.124624	108568.976201	109147.249753	
103305.007060	104956.981516	105169.581650	108227.262832	108688.117746	
111877.711111	114734.104937	115332.245843	115369.689642	116132.017487	
106479.977389	110220.506483	110351.450135	110737.540052	112613.958527	
92300.501854	100294.710799	100510.653827	103093.404413	105224.069483	
99690.250620	100380.071535	103122.394215	104923.770643	105382.077980	
111722.838344	112128.825040	112254.717631	112704.265546	113850.351138	
108306.000961	108345.865742	109172.838631	110012.842080	110057.186972	
96997.933202	97971.674895	101350.281899	102657.120475	102861.450408	
101742.449772	107602.731476	107959.570363	108022.837222	110429.925458	
96620.499892	97805.929927	100689.632740	102032.270029	104374.042923	
118213.346455	119027.140238	120235.745559	120782.374704	120998.190360	
108244.220607	108466.774659	109103.510062	110225.531240	111226.168853	
96168.044405	97546.951202	99789.371894	101106.229184	102567.078380	
93539.620669	109404.132781	112316.913884	113683.331487	116210.190119	
97316.890157	97665.310667	98937.950912	99497.572465	100530.660160	
101460.478012	102390.648104	104209.757276	105457.363001	106204.475011	
84868.699197	102319.966812	103156.260473	106539.807007	106649.825355	
95935.977500	96364.349038	105304.484315	109399.755543	109646.085106	
110930.184683	111582.265811	118142.115944	120618.050754	120618.745086	
104291.717856	105948.447456	105953.173897	106399.914992	107461.882516	
94597.092428	98970.064739	100963.665033	105716.389317	106389.419838	
106540.822166	106849.863294	106866.614759	109103.700039	109249.774732	
96063.991800	98010.869297	98253.530654	102821.543654	103256.907463	
101718.074999	102399.827953	102528.813154	102747.310228	103722.741984	
88777.415182	100885.565464	104818.808314	107329.013806	107528.013163	
110435.932546	111616.488734	114082.458002	114368.986262	116529.321923	
106441.730638	107607.039897	108200.390934	110203.973440	110442.534489	
83402.955576	85480.297782	99609.566736	100186.229433	101950.942021	
107217.355909	111989.225877	112394.905962	115541.764139	116030.721128	
94902.499258	95834.406205	97068.548431	100528.129907	100998.688457	
113135.307087	115357.070735	116512.617485	117201.794692	118666.764012	
106419.814938	107793.118777	107935.506115	110999.010965	111654.031295	
92626.534156	93127.698922	93786.043797	96377.685575	97500.578929	
108594.750171	112110.555170	112965.785475	113403.714933	114079.272564	
103376.126841	103838.355986	105035.138745	106925.119125	107570.974581	
84980.605464	94533.777741	96957.362863	98888.129660	100428.388715	
105636.552377	107438.739652	116839.109458	117006.183585	117430.932626	
101043.034758	111612.253259	112272.837729	115157.327760	117075.980007	
90812.068828	91500.368877	92387.761859	93168.138368	94054.335831	
106228.252090	107735.778698	109380.712462	111181.644285	113893.245256	
104213.726364	108279.176724	110557.144543	111125.554072	111363.135348	
99795.589887	106394.588037	110385.325553	110412.982996	116409.205601	
90157.044374	93992.949019	96372.097379	99177.557171	102932.325628	
106530.010782	109420.735819	110903.115825	111529.339973	112075.712179	
96665.912525	100672.968493	102304.334818	102445.560837	102807.640620	
98146.227995	100889.657319	102164.616828	102505.846994	103838.458643	
110243.269387	112274.285721	112326.860433	112540.114099	112980.750990	
100455.198859	101338.358678	107954.458696	108626.323655	111553.145324	
87084.603771	95754.315584	101185.837607	102889.114944	102972.344008	
103616.164952	110672.420104	111237.274158	111559.484217	113123.557826	
111347.113857	113319.421000	116909.304902	120259.422701	123154.198886	
94534.686770	96377.573005	99293.341252	99801.290523	101433.823491	
100267.182843	103766.005012	104061.737816	104673.454273	104720.612386	
111781.575382	112053.882839	112341.921495	112589.612063	112733.089350	
105381.626442	108327.019200	108770.681435	109025.909407	109073.635373	
105070.082027	114416.283710	115166.675072	115973.512289	116359.572256	
106377.867792	113902.789125	117652.174804	118097.981251	119404.096171	
101700.157262	103092.550069	105346.858812	108758.781718	111397.814791	
104138.598307	112894.392247	113467.150512	113772.979881	114468.697618	
97629.997844	104249.707651	104628.511652	104801.488503	108746.170948	
104485.453942	110100.932820	113038.058291	113204.580646	113495.707379	
98969.830933	100331.728366	110911.228886	111643.316109	112981.680916	
109087.583764	110966.538928	111130.176915	113378.401872	113564.096487	
90390.576287	100661.447125	100740.714427	100764.761760	105041.883175	
106504.311690	115130.253433	115207.727114	116392.436835	116463.627724	
95479.199599	96157.116607	105276.843634	105723.367203	106952.384212	
98498.864126	99125.342746	103279.558038	104418.777646	106576.127000	
94582.586702	107912.896916	111183.418935	113068.433707	113764.502914	
81808.749284	96372.685022	105160.328873	107623.156498	108906.375208	
78888.890666	93636.766593	94063.498544	99475.718725	100046.333702	
91937.705402	95282.465472	96756.601718	98335.174655	99738.355478	
99955.703628	102909.935777	103914.861953	105075.986641	105150.075812	
93037.382189	95705.532262	100813.468157	109164.815750	109370.299350	
110867.746190	112584.246980	115373.219163	115448.864719	115623.900309	
99201.042959	105126.562186	107517.986688	111987.358875	114342.803179	
103026.303110	104404.985766	113328.522587	116073.006323	116246.433827	
113106.254086	115428.052354	116343.026641	117833.452362	117913.883562	
85239.618676	98258.911110	104503.910287	105265.253031	105367.008928	
102943.619083	106819.300542	108347.135672	109619.331754	110347.835451	
106595.560153	108023.803735	111837.748561	113903.805963	114239.989246	
92284.446207	92824.619091	98479.263701	99291.476033	100310.701450	
106550.066231	108893.811502	112072.008085	112255.034699	113540.830023	
108247.656228	113444.801257	114772.194196	115623.026635	117253.546560	
98220.870451	103950.950111	107124.184191	107466.693449	107728.311168	
102251.953845	106301.533290	107849.232619	108219.598200	109405.753386	
103484.750086	104658.692448	105921.914818	111453.080198	112736.938791	
94434.658937	95898.978857	95918.571737	97345.882866	100875.019812	
89974.304131	98103.867909	98562.569170	100963.584637	102424.870782	
95134.028281	106514.660311	107858.924889	108677.816772	110618.195233	
111721.942938	114293.181845	115047.406406	116438.096690	117650.342528	
112150.471659	112769.586504	115054.480267	115211.773194	115439.270704	
99975.455643	110273.297801	111028.296873	111172.485492	112128.092593	
92044.089483	106401.548675	113262.212335	117854.348586	119935.808379	
111266.067226	112185.817156	113077.198930	113187.191940	114516.723288	
115892.683513	124491.118179	125018.794618	126372.140788	126880.318147	
93951.718730	94648.076364	99838.775385	102670.049275	103192.299612	
91217.609792	94183.919169	95325.801163	97841.978261	100851.276807	
79367.564801	92964.625006	95293.773197	97604.145479	98826.174383	
88404.189425	96534.529536	96909.091626	97117.759330	99978.309275	
96394.617738	99004.462911	103780.148842	104218.941189	105081.100244	
89905.195283	106943.899886	107501.244685	110652.021765	111156.895499	
107778.348781	108811.226540	108884.717234	108890.999500	109527.154975	
90228.172763	90745.648698	93410.572587	94338.253372	96274.750662	
97080.585932	107249.173230	108567.492041	109553.129928	109702.239227	
101822.595358	105184.001464	108073.748280	108454.415916	108493.976463	
94193.783201	95478.480842	97384.280348	101650.505761	103967.805661	
102944.272403	108783.673272	108986.187964	113699.617236	114128.315681	
109109.693635	109425.855955	110117.726836	111137.168456	113237.075975	
113198.096873	115525.525445	115690.944050	116008.212261	117867.859877	
104931.690460	107241.029848	111017.574677	111911.971711	113077.564924	
100243.434518	102123.482600	102431.422749	103559.833953	104680.501260	
92603.249570	93073.711133	93758.965758	93881.572070	94201.871628	
90214.264971	94115.051651	94267.559614	94741.935623	95520.801517	
97979.512714	99706.462227	100901.479302	102355.626555	104803.251141	
99023.865948	103162.801247	105513.867517	106797.569536	106983.794156	
101669.566267	105040.936825	105878.816380	106815.748635	107803.142000	
91590.994576	97263.610222	98683.352650	99550.173512	104036.663080	
95959.212836	97225.107279	99211.188235	99701.777787	100559.983129	
88794.667385	92705.950516	95862.583165	101625.226351	101634.511177	
106131.766038	113218.702457	113795.165522	114785.432201	116466.440425	
93493.499391	111016.649392	113468.733715	114103.570001	114413.671995	
96967.818637	100554.196568	101401.350359	104943.402126	105643.304324	
96600.833335	99945.023182	101625.501831	102366.608902	102703.328390	
103445.860135	105558.946270	106060.772721	106564.333482	109559.053639	
94520.983921	94634.408955	95131.907164	95754.315584	101307.655052	
97589.999879	98176.711481	101187.402260	102017.064362	103866.218951	
105054.602659	107583.189126	108691.249229	108923.184525	109212.505207	
99551.111471	100163.461327	100229.980588	103256.222708	105221.669192	
116331.979893	119076.463461	120580.961895	124633.547353	124925.966359	
97804.026915	101663.962540	101678.697141	103023.232218	104129.711799	
102389.736913	104074.074449	115228.075641	115311.873404	116334.780837	
99781.731914	105361.715641	106162.773582	106552.721773	106847.635678	
92809.107124	111896.645924	112987.199332	113472.697428	114963.420116	
97706.114751	98503.138220	101333.201839	102740.963671	102769.845064	
103747.337906	104609.751348	106323.296907	106583.902189	106900.825301	
91915.480424	104954.244279	105471.884067	106571.458735	108080.945985	
108717.988033	109273.538075	109848.977172	110151.274503	111835.664246	
103302.722110	104220.786961	108766.855515	110194.320233	110721.330012	
100583.415091	105278.274314	105632.008417	106537.261368	107507.914319	
100947.481200	109483.154308	112166.663713	114710.753013	116167.974671	
102515.096836	103896.749128	108138.247062	108974.971025	109891.945882	
101709.469827	102564.445829	103655.364859	105046.258289	106519.251702	
100062.795746	106776.577712	107897.854692	108529.489124	109441.192674	
93234.806113	100428.535689	103731.614434	104163.684989	104726.993436	
97424.669018	100617.438285	101949.471758	104903.209053	105714.334857	
106226.770282	106854.477956	107410.169045	110707.588425	110963.577964	
100147.279602	103395.928055	105469.322879	105760.549164	106461.441974	
100797.150312	108653.062070	111235.613967	112701.824474	113009.355818	
98815.824970	103892.164336	104159.516774	104330.100646	105238.688527	
96346.401396	100078.721411	100807.861481	103895.405762	103951.039909	
90958.823475	97777.518491	100989.392139	107113.581746	107779.333263	
98563.673867	103306.944846	106704.759616	107764.519591	107814.927453	
101266.104163	107375.959577	107612.475649	108398.979504	109317.101576	
99535.475705	118230.039617	122745.001711	123047.021583	125323.590072	
105036.280211	107692.462747	110640.535287	111092.699911	112169.622206	
106300.025603	107104.288593	107114.196688	108443.937062	108872.431061	
103320.170050	104621.842793	104717.118363	104801.444149	105259.806563	
94349.417605	97795.898576	98604.397641	101724.785726	103194.822258	
104128.789513	105839.141779	105857.082238	105989.409497	107012.254399	
96408.836377	100295.295120	101547.328362	108536.507439	109409.613459	
101261.952869	107253.949881	111450.861229	112763.103123	113060.335912	
92192.248952	93536.036113	95971.007652	99216.441332	99233.937871	
94249.520659	103070.917849	103183.846049	105022.461853	105228.630565	
102547.648861	109346.218096	109494.316156	112201.369097	112226.458138	
99346.095415	100422.276250	108727.125762	113476.813849	113541.968487	
86132.229863	88906.305899	98338.813224	99244.583858	101104.185059	
107071.587767	111564.226775	112522.744994	114013.249979	115322.028271	
91965.030822	93407.995843	97132.695126	100146.025473	101946.199043	
101206.761775	104441.817801	105627.329244	106363.340380	108796.149834	
98973.096868	105420.438044	108113.949439	108209.228396	109243.692979	
102593.468096	103039.727727	106279.326920	106575.600085	106685.981001	
109255.326015	110858.245883	112099.232397	112266.324247	116990.862419	
94572.518831	101892.925081	102604.702824	104202.192091	105155.625915	
99261.802811	100101.271623	102977.986253	104433.262434	107339.755156	
89713.140678	110322.744069	110405.664724	111466.876894	111705.298840	
107662.399661	112223.098346	113878.241145	114308.608012	114940.313940	
104883.659628	106983.487759	110090.357866	110268.900051	111386.251471	
100307.117196	101443.398868	101514.329404	103029.947303	103111.096378	
106272.226498	106990.541531	107550.430216	108797.138276	109385.323677	
101182.617776	105394.104680	109134.376840	110814.749140	111221.814927	
102028.330002	102568.302909	104248.608691	104955.686909	105436.915300	
104421.838160	105298.935559	106575.666110	107148.569236	108763.849735	
99616.534877	102479.602226	103171.800238	104678.965787	104811.610509	
99905.220544	104995.226444	105841.418254	107089.557228	108751.126606	
93689.342472	100899.904275	103326.652942	104235.597610	104956.714469	
93388.800406	100435.368876	100471.573716	103587.040204	103633.876774	
102658.323267	107085.189278	107860.539295	107882.959111	108905.317459	
100499.288289	100757.710269	103112.673360	105060.173846	105164.266687	
99083.289657	101944.726276	102257.644293	103392.551171	105990.855122	
102544.973605	102907.258391	104703.174014	106606.567834	107064.770138	
99416.743207	101843.484169	104469.709702	106137.520941	108232.406220	
99524.989398	100027.137468	101777.785814	103199.897651	103413.679780	
110787.087251	112021.105315	112534.510568	113976.055058	114269.117321	
109635.895246	114124.486142	114252.229087	115717.755092	116462.790250	
82071.483166	82731.011366	95283.509555	96278.141459	100420.567520	
106077.852991	113679.482459	115164.102535	116482.411525	116891.370699	
96089.743653	97003.136818	100688.935166	102584.138527	102595.798597	
111344.994935	113374.070416	114899.865495	115508.525795	116361.526831	
94593.574103	97234.838525	100130.698659	101621.083337	101686.023932	
104932.684114	107653.443738	109007.076364	110266.414288	110843.491480	
108345.046655	110582.842845	110927.070872	112068.517434	112190.680819	
95060.445572	95173.169627	99466.243007	100519.900457	101158.235005	
96172.934978	103588.196355	103641.160363	104343.213370	108785.761681	
103109.466584	104593.903861	104901.332802	104947.745719	105379.029213	
102704.616879	102827.038258	109504.314006	110016.292342	110072.203972	
96136.257748	98256.537541	100008.531026	100487.170288	100814.576824	
93618.317352	93873.647095	100102.021596	100402.130798	100942.338172	
92845.955311	97153.508391	97201.028509	97413.171353	106575.252977	
107554.665212	107928.787343	108355.402854	109111.820295	109833.810169	
101596.401281	101973.498566	105390.575428	106335.671631	108305.851228	
98725.937728	98809.865857	100805.719043	100979.987743	106137.832771	
100812.372973	101416.997746	101605.906439	103679.725013	104008.741077	
106130.023010	108132.334803	108910.820706	110817.453579	111302.747835	
97044.872925	99366.279729	101690.474008	103435.122209	104177.419038	
103014.682739	106226.248853	108231.742571	109339.086211	109566.391312	
105909.200260	110215.633141	110275.738922	111694.290020	111878.756038	
97301.902162	100287.109432	101704.203977	102722.250986	107117.169183	
101077.342520	103454.723816	108641.101333	112169.090695	113692.800549	
92538.543170	98648.704459	101709.918895	101893.996249	102950.596348	
95502.375464	96932.551669	97194.634125	99744.020097	101087.236583	
97284.802088	107833.335636	110787.536561	112202.828644	112537.840071	
102190.237209	106677.632402	108330.498022	110559.879973	110638.325873	
103933.433388	104639.831357	105091.964703	105993.664206	106936.675557	
96790.163584	98647.339030	100313.748658	103245.316986	104369.260739	
101150.735119	101397.557157	101619.651264	102132.962941	102430.371241	
96269.986079	100093.005191	102906.729239	103606.758551	103673.078370	
105107.799865	107818.531436	107920.780099	108550.051879	111100.600065	
80834.078873	89045.070607	92233.354517	92722.891339	95688.798650	
103313.491266	104141.709305	105917.914540	107192.139633	107996.401717	
110062.589618	114823.970346	118189.027632	119482.895352	120358.599705	
79867.240901	90587.020403	92348.682606	96028.819649	96805.095755	
108200.387973	111953.053271	112173.339227	112545.457621	115719.723199	
100704.224655	102767.676927	103273.897710	103638.985369	107263.975814	
102412.395648	102602.785040	102927.254618	103379.203571	103434.892180	
117083.648149	119037.255923	119132.890261	119217.682333	120514.262502	
105299.013280	106164.080135	106701.621232	107141.119567	108115.332479	
103314.754296	105990.359039	109247.281341	109270.149985	110295.974898	
118664.851948	122128.946180	122996.818257	122998.517661	124853.927646	
92899.166973	98802.439801	103989.807538	104738.937060	104823.240446	
112234.504650	112315.554062	113888.944989	115182.638982	118418.018866	
97891.199825	98285.283839	100100.826337	103188.307196	103338.071141	
102091.014572	104774.784142	105724.178313	106994.553514	107023.859975	
101926.673728	105433.045477	105641.970656	106708.391874	106976.226953	
97368.636062	103119.514369	103617.496777	104880.314660	106528.353654	
94640.417042	100680.892707	102913.542937	104927.316488	105703.168026	
93812.530776	98169.163557	102498.100861	103233.110997	104266.745963	
104052.621319	108122.595994	109090.733370	110331.326827	110695.585392	
112780.023786	113950.734873	113980.765272	115064.112736	116852.869302	
100424.517900	102106.901309	102580.048088	102684.605706	104977.930044	
104161.217399	104572.521549	107105.824392	107395.708872	110826.337309	
92456.832965	101984.914085	102353.482004	102634.672477	102846.668087	
95467.190526	102384.916931	106830.323097	107506.746494	108320.878685	
96357.662528	102453.829728	104236.544988	107367.899479	108029.203064	
101690.474008	102564.104473	106465.354823	109579.264450	110259.016243	
95311.414853	100059.660382	102973.621435	108508.587669	108636.210166	
100591.452363	101004.234043	103383.255416	104245.369419	104344.016178	
98425.547677	103213.020684	104876.077126	105017.842756	107349.516180	
115299.410335	118793.727073	119554.375821	120402.479315	120550.885832	
105293.324677	105589.825406	106607.911267	107719.737736	108556.137461	
100672.371042	102278.757221	102470.551996	103579.745451	106379.084677	
94503.428358	94517.899350	96035.325675	96601.850027	98342.394871	
104268.522273	104643.707234	110437.421050	110566.504822	112568.998209	
98856.408253	101114.028975	106438.362736	110633.453450	111524.828717	
98175.903825	99200.975690	107700.051384	108077.294158	108750.924140	
98800.285940	99356.283471	106538.527578	108635.393699	110903.829015	
93316.672110	103889.788215	110501.923411	111310.461256	111509.115630	
76239.806196	102840.366824	105277.311765	108565.006076	109830.607446	
99003.495868	99370.123606	101852.659826	102776.213627	102980.963692	
94900.086381	96192.838055	100160.257119	100875.335414	101078.167346	
106523.574230	107496.690178	108584.216982	111550.826975	111813.234408	
89588.787395	98478.728417	100774.603661	100930.990222	102614.297473	
99099.170156	99403.247997	104276.614772	107086.612126	107148.649388	
89689.036578	91649.105406	94994.263145	98993.086341	100620.823584	
99318.540999	105373.587356	106743.639156	107486.027907	108107.128179	
109914.654913	115149.378330	115337.293947	117858.327264	118819.981385	
108705.721523	110731.079284	112011.300643	113421.713592	114803.289009	
87200.071926	98871.754627	99136.111353	101118.542147	102959.894626	
104858.529234	109134.644616	109747.108360	113678.538208	114300.781131	
99890.726744	102711.999909	106087.785245	107971.067023	108802.366457	
102909.990738	106422.258149	106876.927674	111083.560069	111277.048638	
101065.893528	109450.675440	111512.772452	111743.069846	112434.746627	
92538.543170	102748.503174	105493.851106	106415.875506	108069.181544	
92334.800287	106672.292111	106686.003389	106826.134106	108247.248828	
112974.443195	117502.528583	117634.857773	119104.996996	119981.257602	
90185.546032	99782.247551	100315.051050	104684.893503	105109.827606	
102456.487646	104419.908353	105373.843906	105632.008417	107221.407988	
102103.200578	103005.900430	103538.478234	104868.334070	106458.036647	
111560.092697	115580.024687	116566.293561	116763.936367	118134.513284	
103618.279430	108507.978683	111434.768515	113398.971027	115126.578383	
96441.789781	101316.731875	103733.960706	104724.715312	105201.792977	
102146.840982	108317.049638	109026.795554	112120.644831	112267.513099	
93231.205778	96807.806701	105593.571140	107199.319254	107917.415454	
96070.405572	98554.906251	98889.262023	99081.196558	102702.119008	
99893.238267	101417.464819	102677.070876	102741.786458	102788.742324	
92970.635526	99208.923367	102285.576452	104259.635202	104910.218516	
99333.313859	99824.560469	103842.065609	106439.236018	106817.264354	
98175.903825	101101.473990	105158.232600	105900.733591	107366.979830	
92422.188889	96863.504053	98730.196590	99682.920422	99791.591459	
106239.283411	107472.149597	107721.339006	108715.864415	108837.956683	
99837.750712	105346.984317	105757.832151	105861.754343	106197.295833	
100848.176363	103254.711536	106987.342662	109269.293830	112023.363944	
100661.884067	108828.363422	108982.801927	109863.770542	110155.901886	
104978.130149	105413.793188	107466.762158	108803.582475	109848.287767	
109154.205448	110478.391717	111751.648540	113503.209955	114506.355464	
96062.738658	102413.896601	102833.881156	104777.905871	105082.044860	
108688.486021	110840.582115	111571.895646	111633.744809	112566.570964	
107289.599880	108028.291714	108903.372400	109720.334915	110814.175893	
95048.626170	103330.615976	103892.160051	105579.315691	107226.837740	
102099.059969	102562.722358	102578.645912	103455.640050	104157.014016	
91844.966587	95204.117872	98177.662157	99040.976273	100211.984872	
92177.609683	94115.696402	96579.226342	99201.935501	101499.772045	
91915.480424	100461.372969	101079.071808	104769.048693	105360.612948	
113899.248785	117441.539937	119221.521146	119238.471106	120466.656031	
106367.565398	107904.219333	108995.403160	110533.822530	110585.129456	
111655.498964	117390.197871	118754.118205	119141.287839	120136.105390	
95705.532262	107348.715869	108303.558464	111191.979497	111260.414915	
103342.670968	105167.345134	105906.925739	107088.167554	109470.555591	
